# NaN NaN NaN ;Mean Elev.(m), Avg Gradient(m/km), RMS Gradient(m/km) - SRTM1     
#   -8.786  -1.935  12.248 ;Mean Elev.(m), Avg Gradient(m/km), RMS Gradient(m/km) - ASTER GDEM
#    0.077  -4.037  12.831 ;Mean Elev.(m), Avg Gradient(m/km), RMS Gradient(m/km) - GMTED2010 
  6     4.469 52441.67206489 27.49  67.959590  66.513348 14.458
  6     4.636 52441.67206553 28.74  67.956270  66.516428 14.458
  6     4.580 52441.67206618 29.72  67.952960  66.519498 14.458
  7     6.111 52476.67206102 31.81  67.964078  66.513471 16.688
  7     4.054 52476.67206166 30.26  67.960758  66.516551 16.688
  7     4.009 52476.67206231 31.20  67.957448  66.519631 16.688
  8     3.666 52511.67200883 19.51  67.987610  66.512240  3.908
  8     4.171 52511.67200947 21.89  67.984290  66.515320  3.908
  8     4.334 52511.67201012 22.91  67.980970  66.518400  3.908
  9     3.910 52546.67203735 19.28  67.958086  66.513426  3.792
  9     3.765 52546.67203799 20.12  67.954766  66.516496  3.792
  9     3.643 52546.67203864 24.53  67.951446  66.519576  3.792
 11     1.905 52616.67202394 15.85  67.980176  66.511798  2.632
 11     2.556 52616.67202458 15.72  67.976866  66.514878  2.632
 11     2.517 52616.67202523 16.38  67.973546  66.517958  2.632
 12     1.865 52651.67200061 12.73  67.970773  66.513525  2.377
 12     1.898 52651.67200125 13.17  67.967453  66.516605  2.377
 13     2.007 52686.67199329 10.09  67.983419  66.513212  2.321
 13     1.876 52686.67199393 10.49  67.980099  66.516292  2.321
 14     4.018 52721.67204279  9.44  67.966156  66.515123  2.871
 14     3.106 52721.67204343  9.05  67.962838  66.518204  3.004
 18     3.335 52861.67213034 21.05  67.964279  66.514538  6.195
 18     3.295 52861.67213098 27.31  67.960961  66.517616 31.925
 19     3.211 52896.67216003 15.02  67.971741  66.513564  3.704
 19     3.598 52896.67216067 24.58  67.968426  66.516639 27.556
 20     2.499 52931.67210702 19.58  67.982384  66.513231  6.065
 20     3.120 52931.67210767 20.52  67.979074  66.516311  6.065
 21     2.011 52966.67210756 19.46  67.959326  66.514249  3.268
 21     1.879 52966.67210820 20.16  67.956006  66.517329  3.268
 21     1.342 52966.67210885 20.50  67.952686  66.520409  3.268
 22     1.651 53001.67213607 14.76  67.963366  66.515292  5.287
 22     1.211 53001.67213672 15.21  67.960050  66.518363  2.927
 26    43.120 53141.67211598  5.98  67.962669  66.513723  1.513
 26    41.995 53141.67211663  6.06  67.959351  66.516803  3.990
 26    40.467 53141.67211727  6.39  67.956031  66.519883  3.990
 27     5.237 53176.67214358 26.82  67.967397  66.515319  5.813
 27     4.312 53176.67214423 30.80  67.964077  66.518401 35.841
 28     3.326 53211.67216248 24.53  67.970312  66.512897  5.316
 28     3.359 53211.67216313 26.65  67.966992  66.515977  5.316
 28     3.563 53211.67216377 30.02  67.963669  66.519050 32.534
 29     2.774 53246.67213056 13.91  67.979792  66.512696  5.044
 29     3.113 53246.67213121 17.57  67.976482  66.515776  5.044
 29     3.203 53246.67213185 26.72  67.973168  66.518851 28.784
 30     2.714 53281.67211860 20.90  67.952133  66.515081 20.713
 30     3.069 53281.67211925 21.73  67.948813  66.518161 20.713
 30     3.260 53281.67211989 25.26  67.945493  66.521241 20.713
 31     1.290 53316.67212647 38.21  67.966956  66.514046  6.675
 31     2.402 53316.67212711 33.42  67.963636  66.517126  7.561
 32     1.640 53351.67209102 18.05  67.984537  66.510897  2.939
 32     1.454 53351.67209167 19.68  67.981217  66.513977  2.939
 32     1.548 53351.67209231 19.51  67.977897  66.517057  2.939
 33     1.690 53386.67208052 13.81  67.953906  66.515580  3.140
 33     1.713 53386.67208116 14.36  67.950586  66.518660  3.140
 33     2.246 53386.67208180 15.09  67.947266  66.521740  3.140
 34     1.167 53421.67208202 11.44  67.978922  66.513423  2.440
 34     1.129 53421.67208266 11.65  67.975602  66.516503  2.440
 37     4.316 53526.67215443 16.53  67.974832  66.513141  5.762
 37     4.584 53526.67215508 18.38  67.971522  66.516221  5.762
 38     3.465 53561.67218356 19.65  67.967187  66.515065  2.679
 38     3.678 53561.67218420 28.66  67.963869  66.518140 35.710
 39     2.094 53596.67212135 16.20  67.987895  66.510982  4.910
 39     2.602 53596.67212200 16.60  67.984585  66.514062  4.910
 39     3.094 53596.67212264 18.34  67.981265  66.517142  4.910
 40     3.249 53631.67211837 17.14  67.944387  66.517373 17.297
 40     3.488 53631.67211901 24.40  67.941067  66.520453 17.297
 40     3.683 53631.67211966 20.65  67.937747  66.523533 17.297
 41     2.517 53666.67213981 23.29  67.964159  66.513575  4.071
 41     3.130 53666.67214045 20.23  67.960840  66.516656  8.911
 41     3.464 53666.67214110 21.24  67.957530  66.519736  8.911
 42    43.285 53701.67208826  2.47  67.980086  66.513275  3.835
 42    42.288 53701.67208891  2.13  67.976766  66.516355  3.835
 43     1.238 53736.67199733 13.35  67.998679  66.510395  4.374
 43     1.431 53736.67199798 13.82  67.995369  66.513475  4.374
 43     1.249 53736.67199862 14.27  67.992049  66.516555  4.374
 47     2.286 53876.67206380 37.53  67.966593  66.514447  6.772
 47     3.231 53876.67206445 31.15  67.963278  66.517527 31.735
 50     2.545 53981.67207432 17.95  67.979706  66.513363  7.775
 50     3.007 53981.67207496 19.61  67.976386  66.516443  7.775
 51     2.141 54016.67209891 33.70  67.958032  66.513805  7.274
 51     2.876 54016.67209956 25.94  67.954705  66.516883 17.396
 51     3.494 54016.67210020 25.46  67.951385  66.519963 17.396
 52    43.431 54051.67209608  2.29  67.977509  66.512907  4.259
 52    42.999 54051.67209673  2.18  67.974199  66.515977  4.259
 52    42.535 54051.67209737  0.76  67.970878  66.519058  6.357
 53    45.408 54086.67208790  0.34  67.979299  66.512105  3.186
 53    44.056 54086.67208854  0.83  67.975979  66.515185  3.186
 53    43.298 54086.67208919  0.00  67.972665  66.518259  6.906
 54    46.264 54121.67201245  2.85  67.995974  66.511927  2.369
 54    45.477 54121.67201310  2.84  67.992664  66.515007  2.369
 54    44.412 54121.67201374  2.95  67.989344  66.518087  2.369
 55    43.785 54156.67204906  1.08  67.968231  66.515044  1.868
 55    42.272 54156.67204970  0.45  67.964918  66.518117  3.683
 57     3.439 54226.67206053 17.19  67.966260  66.514043  3.816
 57     4.331 54226.67206118 18.77  67.962943  66.517115  6.563
 59     4.236 54296.67208393 45.69  67.974436  66.512155  8.037
 59     5.224 54296.67208458 37.56  67.971116  66.515235  8.037
 59     4.187 54296.67208522 39.11  67.967797  66.518308 34.751
 60     3.714 54331.67207514 18.55  67.979711  66.513119  6.300
 60     4.034 54331.67207578 22.95  67.976401  66.516199  6.300
 62     2.867 54401.67201744 14.69  67.975194  66.512098  4.401
 62     3.277 54401.67201809 18.09  67.971874  66.515178  4.401
 62     3.555 54401.67201873 24.71  67.968556  66.518251 19.469
 63     1.036 54436.67197458 20.80  67.982435  66.512880  3.140
 63     1.054 54436.67197523 21.58  67.979125  66.515960  3.140
 63     0.780 54436.67197587 21.93  67.975801  66.519036  4.624
 65     1.592 54506.67198678  9.73  67.985403  66.513066  3.983
 65     1.784 54506.67198742  9.97  67.982093  66.516146  3.983
 68     3.735 54611.67200838 31.14  67.974135  66.512282 38.963
 68     4.565 54611.67200903 30.39  67.970815  66.515362 38.963
 68     3.765 54611.67200967 34.01  67.967505  66.518442 38.963
 69     3.945 54646.67201552 14.93  67.972448  66.512111 33.077
 69     4.111 54646.67201616 18.27  67.969128  66.515191 33.077
 69     4.073 54646.67201681 27.72  67.965818  66.518271 33.077
 70     2.677 54681.67201633 19.50  67.976482  66.511686 33.774
 70     3.048 54681.67201697 20.29  67.973172  66.514766 33.774
 70     3.685 54681.67201762 26.02  67.969852  66.517846 33.774
 72     2.741 54751.67198916 30.16  67.962085  66.516611  9.431
 72     1.619 54751.67198981 35.89  67.958765  66.519691  9.431
 74     2.515 54821.67198242 11.49  67.965296  66.513716  2.463
 74     2.931 54821.67198306 11.67  67.961976  66.516796  2.463
 74     2.851 54821.67198371 12.36  67.958656  66.519876  2.463
 75     1.806 54856.67195118 10.43  67.981598  66.513164  2.417
 75     2.154 54856.67195182 10.49  67.978278  66.516244  2.417
 76     1.309 54891.67198546  8.06  67.972439  66.514087  2.395
 76     1.665 54891.67198610  8.55  67.969119  66.517167  2.395
 78    43.125 54961.67198482  3.74  67.965098  66.514850 10.481
 78    42.024 54961.67198546  3.69  67.961778  66.517930 10.481
 79    42.259 54996.67200577  6.23  67.968611  66.514698 20.305
 79    41.120 54996.67200642  4.05  67.965291  66.517768 20.305
 80     3.246 55031.67199471 15.40  67.974189  66.511782 31.980
 80     3.543 55031.67199535 17.33  67.970869  66.514862 31.980
 80     3.665 55031.67199600 31.85  67.967549  66.517942 31.980
 81     2.440 55066.67198431 17.17  67.979026  66.513176 28.385
 81     3.119 55066.67198496 20.94  67.975706  66.516256 28.385
 82     2.221 55101.67192438 45.67  67.989350  66.511421  8.459
 82     1.129 55101.67192503 30.22  67.986036  66.514504 27.263
 82     2.477 55101.67192567 24.26  67.982726  66.517574 27.263
 83     1.467 55136.67193054 43.91  67.967582  66.513695 17.913
 83     1.521 55136.67193119 44.58  67.964272  66.516775 17.913
 84     1.261 55171.67189218 19.74  67.983894  66.512717  4.377
 84     1.902 55171.67189283 19.37  67.980574  66.515797  4.377
 84     1.969 55171.67189347 19.74  67.977264  66.518867  4.377
 85     1.325 55206.67192459 11.74  67.965512  66.514228  3.071
 85     1.229 55206.67192524 11.58  67.962192  66.517308  3.071
 88     1.333 55311.67188215 45.22  67.986872  66.511511 10.510
 88     1.620 55311.67188280 44.26  67.983554  66.514592 23.417
 88     1.796 55311.67188344 40.87  67.980234  66.517672 23.417
 89     4.106 55346.67188757 17.27  67.975933  66.512510 22.027
 89     4.774 55346.67188821 18.12  67.972613  66.515590 22.027
 89     4.792 55346.67188885 24.89  67.969293  66.518670 22.027
 90     3.395 55381.67187929 13.91  67.979066  66.512186 28.771
 90     3.511 55381.67187993 20.07  67.975756  66.515266 28.771
 90     3.494 55381.67188058 28.05  67.972436  66.518346 28.771
 91     3.035 55416.67190753 20.53  67.964376  66.514475 26.248
 91     3.500 55416.67190817 23.96  67.961056  66.517555 26.248
 92     2.193 55451.67188949 14.14  67.984218  66.510818  5.768
 92     2.783 55451.67189014 15.91  67.980902  66.513897 21.897
 92     3.060 55451.67189078 21.99  67.977592  66.516977 21.897
 93     2.239 55486.67181250 38.47  67.992533  66.511664  9.738
 93     2.346 55486.67181314 23.27  67.989221  66.514746 26.187
 93     2.679 55486.67181379 22.25  67.985911  66.517816 26.187
