# NaN NaN NaN ;Mean Elev.(m), Avg Gradient(m/km), RMS Gradient(m/km) - SRTM1     
#    1.858  -0.586   1.166 ;Mean Elev.(m), Avg Gradient(m/km), RMS Gradient(m/km) - ASTER GDEM
#    0.000  -1.195   3.884 ;Mean Elev.(m), Avg Gradient(m/km), RMS Gradient(m/km) - GMTED2010 
  8  70.227652  66.465876     1.265     1.479 60 52488.27740963 15.066
  9  70.221342  66.468856     1.315     1.399 61 52523.27738284 16.518
 11  70.223387  66.467227     0.693     0.698 60 52593.27743285 28.258
 13  70.227786  66.467115     0.492     0.467 60 52663.27739496 13.109
 14  70.162326  66.383743     0.419     0.463 11 52698.27738729  9.396
 16  70.214442  66.469057     0.816     0.845 61 52768.27739803 34.296
 18  70.237971  66.462997     0.863     1.182 60 52838.27748127 15.553
 19  70.234546  66.464860     0.483     0.492 60 52873.27752099 49.705
 20  70.227836  66.466330     0.096     0.067 60 52908.27750413 44.164
 23  70.223690  66.468264     0.120     0.135 61 53013.27748917 13.524
 24  70.236670  66.462354     0.185     0.185 59 53048.27745944 14.881
 25  70.220579  66.468824     0.334     0.309 61 53083.27749412 13.563
 26  70.233832  66.464528     0.120     0.143 60 53118.27746473  9.443
 27  70.227909  66.466219     1.408     1.522 61 53153.27751490 45.241
 28  70.234073  66.461365     1.444     1.534 60 53188.27750385 12.726
 29  70.226302  66.466033     1.126     1.152 61 53223.27752124 13.371
 30  70.216881  66.469822     0.155     0.252 61 53258.27749639 42.793
 31  70.230471  66.464114    -0.011     0.408 60 53293.27751839 38.854
 32  70.227834  66.464193     0.395     0.357 60 53328.27749219 20.844
 35  70.224668  66.467911     0.374     0.361 61 53433.27745842 10.814
 36  70.236140  66.462319     0.285     0.269 59 53468.27749796  8.725
 37  70.224713  66.467012     0.309     0.857 61 53503.27754541 45.071
 38  70.226064  66.465254     1.392     1.368 60 53538.27754108 12.647
 39  70.221760  66.467570     0.830     0.882 60 53573.27754170 26.522
 40  70.217555  66.470059    -0.660    -0.124 61 53608.27749078 42.177
 41  70.237421  66.462192    -0.230     0.111 60 53643.27749322 43.676
 42  70.224334  66.467657     1.122     1.144 60 53678.27751108 34.518
 43  70.222959  66.467379     0.140     0.086 60 53713.27743976 14.125
 45  70.229905  66.465036     0.288     0.321 61 53783.27738438 13.572
 46  70.218976  66.471021     0.462     0.401 61 53818.27734686 10.395
 47  70.233554  66.465090     0.351     0.346 60 53853.27742404  8.326
 48  70.237233  66.463628     1.798     1.925 60 53888.27743151 36.782
 50  70.218949  66.468022     1.217     1.249 61 53958.27749303 44.472
 52  70.234406  66.457921     0.508     0.513 57 54028.27748309 39.062
 53  70.228688  66.463558    -0.050    -0.076 60 54063.27747607  9.727
 54  70.219344  66.467751     0.415     0.367 61 54098.27744399  9.564
 55  70.235153  66.458666     0.486     0.491 57 54133.27739987 11.001
 56  70.222552  66.468441     0.602     0.531 60 54168.27741771  9.457
 57  70.236639  66.462555     0.706     0.668 59 54203.27740301  6.186
 58  70.230696  66.464007     1.643     1.631 60 54238.27743783 35.450
 59  70.229224  66.465941     1.704     1.696 60 54273.27745582 12.495
 60  70.229903  66.463787     0.253     1.283 60 54308.27745822 19.120
 61  70.221816  66.467428     0.562     1.347 60 54343.27743630 19.396
 62  70.234367  66.463420    -1.083    -0.540 60 54378.27739363 39.209
 63  70.227154  66.466536     1.180     1.212 61 54413.27738405 36.062
 64  70.236918  66.461538     0.281     0.257 59 54448.27736006 27.684
 65  70.230391  66.464002     0.342     0.275 60 54483.27737779 16.360
 66  70.236888  66.462346     0.358     0.293 59 54518.27737374 15.459
 67  70.223012  66.468265     0.461     0.387 61 54553.27738933  8.808
 68  70.233346  66.465061     0.534     0.489 60 54588.27736892  7.274
 69  70.227391  66.465656     2.510     2.523 60 54623.27738692 35.670
 70  70.228069  66.465994     1.103     1.172 60 54658.27739591 15.352
 71  70.225697  66.466965     0.157     0.429 61 54693.27737740 44.998
 72  70.234745  66.461975    -0.866    -0.473 60 54728.27734998 39.308
 73  70.228456  66.465608     0.122     0.196 60 54763.27735538 38.341
 74  70.236764  66.460830     0.195     0.140 60 54798.27734354 19.887
 75  70.227416  66.465574     0.299     0.267 60 54833.27734545 17.247
 76  70.236613  66.460233     0.189     0.137 59 54868.27733987 13.407
 77  70.221148  66.468479     0.231     0.178 60 54903.27735507 11.651
 78  70.232783  66.462233     0.350     0.324 60 54938.27733005  9.528
 79  70.229549  66.463074     0.712     1.131 60 54973.27736172 30.333
 80  70.225829  66.466535     1.623     1.661 60 55008.27737679 12.844
 81  70.229914  66.464767     1.216     1.398 61 55043.27736626 15.362
 82  70.222372  66.466971    -0.101     0.037 61 55078.27734414 43.480
 83  70.233529  66.463364     0.056     0.030 60 55113.27729896 42.746
 84  70.226910  66.465435     0.263     0.203 61 55148.27729960 22.028
 85  70.237687  66.462211     0.163     0.130 59 55183.27728052 14.533
 86  70.224511  66.465956     0.281     0.229 60 55218.27729720 12.894
 87  70.236589  66.462370     0.271     0.243 60 55253.27727674 11.288
 88  70.219914  66.467414     0.386     0.362 61 55288.27728713 12.413
 89  70.228293  66.466461     0.644     0.715 60 55323.27726387 38.296
 90  70.227405  66.466667     1.400     1.336 60 55358.27726278 13.475
 91  70.234440  66.464747     1.003     1.012 60 55393.27726603 16.293
 92  70.229097  66.463560     0.354     0.582 60 55428.27727919 24.723
 93  70.223254  66.468744     0.151     0.386 61 55463.27724228 42.998
