# NaN NaN NaN ;Mean Elev.(m), Avg Gradient(m/km), RMS Gradient(m/km) - SRTM1     
#    1.213  -1.213   4.828 ;Mean Elev.(m), Avg Gradient(m/km), RMS Gradient(m/km) - ASTER GDEM
#    0.622  -2.017   5.736 ;Mean Elev.(m), Avg Gradient(m/km), RMS Gradient(m/km) - GMTED2010 
  7  70.920148  66.442546     1.004     0.974 48 52470.66405616 17.316
  8  70.923727  66.443023    -0.953    -1.048 48 52505.66403775 24.925
  9  70.915689  66.436801     0.830     0.792 50 52540.66401931 28.651
 10  70.921326  66.436473     0.330     0.342 51 52575.66406566 43.869
 11  70.933184  66.435858     0.091     0.090 53 52610.66402658 17.804
 12  70.920885  66.436945     0.104     0.094 50 52645.66401576 14.011
 13  70.935884  66.441785    -0.024    -0.022 48 52680.66399052 11.496
 15  70.926849  66.436584     0.384     0.352 51 52750.66406697  8.801
 16  70.899084  66.444330     1.590     1.599 45 52785.66401242 35.857
 17  70.908271  66.440055     0.748     0.698 48 52820.66408590 28.743
 19  70.920016  66.437841    -0.066     0.340 50 52890.66416585 31.997
 20  70.942095  66.434187    -0.308    -0.099 54 52925.66411759 38.553
 21  70.921868  66.436568     0.097     0.105 51 52960.66408614 26.799
 22  70.922082  66.437526     0.005     0.015 51 52995.66412301 17.796
 23  70.942564  66.434821    -0.086    -0.110 54 53030.66408505 16.206
 24  70.924279  66.439339     0.532    -0.017 50 53065.66409341 14.689
 25  70.932037  66.440956    -0.087    -0.108 50 53100.66409667 11.491
 26  70.924524  66.439071     0.652     0.098 50 53135.66409435 10.698
 29  70.942151  66.434540     0.049     0.254 54 53240.66412796 37.725
 31  70.919905  66.436708     0.421     0.439 51 53310.66414189 27.797
 32  70.934043  66.435538    -0.041    -0.061 53 53345.66410728 16.568
 33  70.910156  66.438366     0.116     0.092 49 53380.66406274 14.469
 34  70.928906  66.441679     0.377    -0.040 49 53415.66408609 12.567
 35  70.905615  66.439011    -0.059    -0.092 48 53450.66408164 10.219
 36  70.914438  66.436777     0.558     0.517 50 53485.66416635  4.569
 37  70.929886  66.437575     1.746     1.268 50 53520.66416067 32.245
 38  70.918352  66.439679     0.988     1.099 49 53555.66418491 29.468
 39  70.946093  66.434654     0.526     0.571 53 53590.66412461 28.998
 41  70.894092  66.459246     0.637     0.329 36 53660.66414007 21.435
 42  70.932376  66.438531     1.714    -0.067 51 53695.66410710 18.628
 43  70.945215  66.437764     2.429    -0.028 52 53730.66402941 14.738
 44  70.921368  66.440561    -0.049     0.120 49 53765.66399932 20.100
 45  70.937578  66.441419     0.508     0.074 50 53800.66400276 13.052
 46  70.909546  66.438738     0.191     0.265 49 53835.66400722 11.631
 47  70.921464  66.436619     0.169     0.255 51 53870.66406485 36.163
 48  70.918242  66.439744     1.248     1.262 49 53905.66410172 30.843
 49  70.916260  66.436687     0.633     0.525 51 53940.66413262 36.021
 50  70.936455  66.436242    -0.793    -0.323 53 53975.66408892 39.486
 51  70.911913  66.436285     0.091     0.249 51 54010.66408878 31.573
 52  70.925598  66.439710     0.398    -0.149 50 54045.66410488 16.736
 53  70.932697  66.438483     1.052    -0.136 51 54080.66409757 10.705
 54  70.938280  66.443046    -0.175    -0.254 49 54115.66403242 10.466
 55  70.920169  66.440422     0.252     0.230 49 54150.66404741 10.908
 56  70.941856  66.437725     2.137     0.336 52 54185.66402286  9.934
 57  70.916204  66.439173     0.422     0.396 49 54220.66405674 28.594
 58  70.925071  66.438399     1.938     1.595 49 54255.66407991 24.747
 59  70.930051  66.436507     1.190     1.200 52 54290.66408136 28.411
 60  70.927583  66.440784     1.067     1.142 49 54325.66407980 30.931
 61  70.943471  66.438445     0.893     0.909 51 54360.66403159 26.820
 62  70.926523  66.435835    -0.023     0.165 52 54395.66401888 31.978
 63  70.942192  66.434223    -0.037    -0.077 54 54430.66398084 23.591
 64  70.921751  66.436997     0.194     0.195 51 54465.66399949 20.519
 65  70.928740  66.443399     0.143     0.121 48 54500.66399533 18.143
 66  70.924021  66.441851     0.070     0.079 48 54535.66401512 15.229
 67  70.937078  66.441097    -0.125    -0.125 50 54570.66399745  9.456
 68  70.926608  66.435314     0.760     0.788 51 54605.66400806 40.044
 69  70.925839  66.440839     1.252     1.269 49 54640.66401862 29.561
 70  70.924570  66.438906     1.031     1.032 50 54675.66402061 23.822
 71  70.938542  66.440035     0.842     0.446 51 54710.66397650 31.309
 72  70.925132  66.435424     0.011     0.259 51 54745.66398740 34.736
 73  70.935572  66.434626     0.218     0.229 53 54780.66396001 32.008
 74  70.922395  66.436435    -0.080    -0.095 51 54815.66398084 17.945
 75  70.936792  66.435614     0.007    -0.017 53 54850.66395863 14.606
 76  70.923942  66.436601    -0.092    -0.147 51 54885.66398462 11.610
 77  70.936685  66.442632     0.113     0.054 48 54920.66396125 12.486
 78  70.920418  66.437439     0.423     0.468 51 54955.66398060  6.812
 79  70.920057  66.440215     1.638     1.680 49 54990.66400448 25.358
 80  70.932284  66.437913     1.647     1.271 51 55025.66399480 31.009
 81  70.929586  66.436599    -0.017    -0.009 52 55060.66398851 32.984
 82  70.935112  66.444890     0.058     0.295 48 55095.66394066 31.908
 83  70.924675  66.436672     0.771     0.763 51 55130.66393076 39.911
 84  70.933012  66.438126     1.733    -0.052 51 55165.66390142 19.606
 85  70.917883  66.441482    -0.195    -0.255 48 55200.66392383 13.189
 86  70.933155  66.441070    -0.065    -0.059 49 55235.66390787 13.393
 87  70.925827  66.438607     0.654     0.065 50 55270.66391747 11.968
 88  70.942548  66.438550     2.306     0.509 52 55305.66388859  7.759
 89  70.916854  66.447299     2.073     1.550 45 55340.66389049 35.275
 90  70.931994  66.438339     1.608     0.688 51 55375.66388094 27.481
 91  70.924662  66.436934     0.005     0.210 51 55410.66390339 39.625
 92  70.930602  66.437452     0.567    -0.147 50 55445.66389688 33.217
 93  70.950462  66.434702     0.233     0.547 55 55480.66382958 29.211
