# NaN NaN NaN ;Mean Elev.(m), Avg Gradient(m/km), RMS Gradient(m/km) - SRTM1     
#   -5.671   1.661   7.941 ;Mean Elev.(m), Avg Gradient(m/km), RMS Gradient(m/km) - ASTER GDEM
#    2.000   0.230   7.840 ;Mean Elev.(m), Avg Gradient(m/km), RMS Gradient(m/km) - GMTED2010 
  7  65.592459  64.706375    11.482    11.476  6 52459.28576064 38.525
 11  65.598489  64.726942     6.890     6.852  5 52599.28577737 32.628
 12  65.591576  64.700094     6.782     6.708  6 52634.28573519 15.597
 13  65.594052  64.713074     7.216     7.310  6 52669.28574492 11.301
 14  65.594195  64.695800     7.804     8.213  5 52704.28573228 10.532
 15  65.596319  64.718925    31.804    32.041  5 52739.28576517  6.132
 16  65.597926  64.723226     9.087     9.104  5 52774.28571418 37.614
 17  65.590316  64.697428    10.324    10.353  6 52809.28579129 25.209
 18  65.596024  64.702016    10.275    10.244  3 52844.28584711 25.132
 19  65.592060  64.707204     7.450     7.268  6 52879.28588424 20.462
 20  65.596779  64.718661     8.601     8.764  4 52914.28583993 16.957
 22  65.591576  64.698215     4.263     4.237  6 52984.28583090 15.872
 23  65.597023  64.719910     6.856     6.767  4 53019.28581854  7.331
 24  65.592693  64.694189     5.420     4.984  5 53054.28580784 11.541
 25  65.595479  64.731469    29.537    29.884  5 53089.28583840  7.417
 26  65.591993  64.698003    29.879    32.993  6 53124.28581462  8.397
 27  65.595267  64.714617    10.195    10.129  5 53159.28587072 24.197
 28  65.590617  64.703724    10.019     9.898  6 53194.28586808 22.186
 29  65.591822  64.706331     6.876     6.807  6 53229.28585949 23.171
 30  65.596523  64.731096     6.864     7.016  6 53264.28582656 23.511
 31  65.594457  64.713635     5.295     5.176  7 53299.28587404 25.964
 33  65.596780  64.725731     5.732     5.708  5 53369.28578342 14.664
 34  65.590743  64.699874     4.771     4.865  6 53404.28581987 12.778
 35  65.597527  64.725010     4.359     4.378  4 53439.28580307  9.844
 36  65.591599  64.705827    11.516    10.526  6 53474.28586683  9.116
 37  65.593674  64.710077    10.696    10.661  7 53509.28588584 35.424
 38  65.597123  64.720877    10.095    10.068  5 53544.28589779 20.748
 40  65.597504  64.730966     5.122     5.095  5 53614.28582961 52.314
 41  65.591955  64.698017     5.152     5.204  6 53649.28584265 28.406
 42  65.597883  64.722701     4.440     4.394  5 53684.28585171 48.288
 43  65.597678  64.722755     4.197     4.201  5 53719.28577843 25.453
 45  65.592786  64.707874     4.313     4.210  6 53789.28573391 11.706
 47  65.592093  64.706224     7.369     6.995  6 53859.28578289  8.049
 48  65.591142  64.699622    10.308    10.264  6 53894.28580069 21.758
 49  65.598286  64.725776     9.635     9.688  5 53929.28585128 50.385
 50  65.597602  64.727845     7.430     7.391  5 53964.28583101 52.559
 54  65.596539  64.727869     8.131     8.085  5 54104.28578021  8.692
 55  65.590431  64.699582     7.840     8.160  6 54139.28575989 11.443
 56  65.597986  64.723534    30.011    30.223  5 54174.28575999  9.349
 57  65.590848  64.701287     4.622     4.524  5 54209.28576586 21.939
 58  65.591823  64.706716    14.532    10.571  6 54244.28579579 27.108
 59  65.592059  64.707029    11.102    11.098  6 54279.28580797 27.194
 60  65.594275  64.711315    11.109    11.107  6 54314.28580696 29.297
 61  65.597595  64.724362    10.105    10.132  4 54349.28577425 19.395
 62  65.590685  64.699879     8.489     8.483  7 54384.28574727 20.583
 63  65.597684  64.722651     4.995     4.994  4 54419.28572426 35.733
 64  65.592859  64.695437     4.974     4.973  6 54454.28571906 18.922
 65  65.593210  64.711837     8.172     8.193  6 54489.28572567 10.998
 66  65.591430  64.700152     8.370     8.428  7 54524.28573130 12.967
 67  65.597022  64.721868    29.484    29.598  4 54559.28573297  3.672
 68  65.592644  64.708597     6.529     6.456  6 54594.28572555 25.076
 69  65.594308  64.712414    10.264    10.243  6 54629.28573944 23.565
 70  65.594168  64.711583     9.835     9.862  6 54664.28574653 21.082
 71  65.597327  64.722754     6.865     7.096  5 54699.28571625 45.023
 72  65.592565  64.699418     6.291     6.278  6 54734.28570686 21.908
 73  65.593768  64.712161     5.688     5.648  6 54769.28569850 46.186
 74  65.591359  64.699991     5.909     5.875  7 54804.28570076 20.011
 75  65.592993  64.708973     7.271     7.305  6 54839.28569303 11.530
 76  65.592633  64.703979     6.401     6.440  6 54874.28570005 10.535
 77  65.598339  64.727825    25.561    27.642  5 54909.28569603 11.004
 78  65.591464  64.701772    24.608    23.536  6 54944.28569304 10.610
 79  65.594717  64.713068    14.257    10.400  6 54979.28571785 25.688
 80  65.594646  64.712582    10.235    10.201  6 55014.28572247 20.478
 81  65.594040  64.709545     8.924     8.750  6 55049.28571641 15.663
 82  65.596252  64.726333    10.422     9.328  5 55084.28568162 14.544
 83  65.592843  64.699349     5.725     5.744  6 55119.28565036 24.322
 84  65.597596  64.720401     4.123     4.091  5 55154.28564200 38.567
 85  65.591196  64.699248     5.104     5.059  7 55189.28563957 15.185
 87  65.593209  64.706451     5.505     5.417  6 55259.28563423 11.405
 88  65.596803  64.723693    17.416    19.203  5 55294.28562745 10.571
 89  65.594852  64.713016     9.924     9.898  6 55329.28561506 48.464
 90  65.595704  64.717903     9.857     9.869  5 55364.28560884 49.096
 91  65.591684  64.699600     9.296     9.268  6 55399.28562246 16.800
 92  65.592607  64.708709     7.835     7.851  6 55434.28562672 23.223
 93  65.596047  64.726717     8.654     8.732  5 55469.28557885 19.989
