# NaN NaN NaN ;Mean Elev.(m), Avg Gradient(m/km), RMS Gradient(m/km) - SRTM1     
#    6.055  -0.480   2.123 ;Mean Elev.(m), Avg Gradient(m/km), RMS Gradient(m/km) - ASTER GDEM
#    0.000  -1.045   5.481 ;Mean Elev.(m), Avg Gradient(m/km), RMS Gradient(m/km) - GMTED2010 
  6     0.916 52437.27935681 21.84  69.861274  66.794719 21.762
  6     1.143 52437.27935746 22.54  69.857894  66.791649 21.762
  6     1.922 52437.27935810 23.02  69.854504  66.788579 21.762
  6     2.119 52437.27935874 22.99  69.851114  66.785509 21.762
  6     2.303 52437.27935939 23.54  69.847734  66.782429 21.762
  6     2.279 52437.27936003 24.04  69.844344  66.779359 21.762
  6     2.451 52437.27936068 25.08  69.840964  66.776289 21.762
  6     2.611 52437.27936132 36.51  69.837574  66.773209 21.762
  7     1.653 52472.27935771 27.26  69.862945  66.795682 17.625
  7     1.198 52472.27935835 25.18  69.859555  66.792612 17.625
  7     0.474 52472.27935900 22.69  69.856165  66.789542 17.625
  7    -0.173 52472.27935964 21.35  69.852785  66.786462 17.625
  7     1.140 52472.27936029 18.55  69.849395  66.783392 17.625
  7     1.907 52472.27936093 17.13  69.846015  66.780322 17.625
  7     2.213 52472.27936158 16.84  69.842625  66.777252 17.625
  7     2.607 52472.27936222 18.36  69.839245  66.774172 17.625
  8    -0.416 52507.27933285 26.32  69.860613  66.793871 28.879
  8    -1.081 52507.27933349 22.44  69.857223  66.790801 28.879
  8    -1.773 52507.27933414 21.83  69.853843  66.787721 28.879
  8    -0.606 52507.27933478 20.21  69.850453  66.784651 28.879
  8    -0.078 52507.27933543 18.74  69.847073  66.781581 28.879
  8     0.501 52507.27933607 18.94  69.843683  66.778501 28.879
  8     0.705 52507.27933672 24.23  69.840303  66.775431 28.879
  9     0.432 52542.27931698 17.37  69.874472  66.781988 21.060
  9     0.996 52542.27931763 18.26  69.871082  66.778908 21.060
  9     1.288 52542.27931827 19.47  69.867702  66.775838 21.060
  9     1.760 52542.27931892 22.13  69.864312  66.772768 21.060
  9     1.927 52542.27931956 26.58  69.860932  66.769698 21.060
 10     1.572 52577.27936560 41.57  69.864099  66.792771 27.086
 10     1.502 52577.27936624 45.77  69.860709  66.789701 27.086
 10     1.525 52577.27936689 45.17  69.857319  66.786621 27.086
 10     1.606 52577.27936753 44.95  69.853939  66.783551 27.086
 10     1.656 52577.27936818 45.58  69.850549  66.780481 27.086
 10     1.646 52577.27936882 44.63  69.847169  66.777411 27.086
 10     1.586 52577.27936946 45.05  69.843779  66.774331 27.086
 11     1.266 52612.27932858 16.53  69.860916  66.797519  2.908
 11     1.059 52612.27932922 17.54  69.857526  66.794449  2.908
 11     0.977 52612.27932986 18.31  69.854136  66.791379  2.908
 11     0.987 52612.27933051 18.62  69.850756  66.788309  2.908
 11     1.082 52612.27933115 18.79  69.847366  66.785229  2.908
 11     1.096 52612.27933180 18.81  69.843986  66.782159  2.908
 11     1.171 52612.27933244 18.18  69.840596  66.779091  2.404
 11     1.089 52612.27933309 17.72  69.837216  66.776011  2.404
 11     1.264 52612.27933373 17.21  69.833836  66.772941  2.404
 12     1.242 52647.27931443 12.70  69.868245  66.789284  2.391
 12     1.171 52647.27931508 13.28  69.864855  66.786214  2.391
 12     1.256 52647.27931572 12.97  69.861465  66.783144  2.391
 12     1.340 52647.27931637 12.69  69.858085  66.780074  2.391
 12     1.391 52647.27931701 12.36  69.854695  66.776994  2.391
 12     1.525 52647.27931766 12.29  69.851315  66.773924  2.391
 13     1.234 52682.27928511 11.38  69.865009  66.791130  2.218
 13     1.121 52682.27928576 11.57  69.861629  66.788050  2.218
 13     1.120 52682.27928640 11.40  69.858239  66.784980  2.218
 13     1.164 52682.27928705 11.47  69.854859  66.781910  2.218
 13     1.186 52682.27928769 11.39  69.851469  66.778840  2.218
 13     1.397 52682.27928834 10.97  69.848089  66.775760  2.218
 13     1.544 52682.27928898 10.91  69.844709  66.772690  2.218
 14     1.233 52717.27934378 10.74  69.866930  66.791389  1.994
 14     1.216 52717.27934442 10.51  69.863536  66.788310  1.711
 14     1.175 52717.27934507 10.86  69.860156  66.785240  1.711
 14     1.202 52717.27934571 10.56  69.856766  66.782170  1.711
 14     1.231 52717.27934636 10.43  69.853386  66.779090  1.711
 14     1.573 52717.27934700  9.89  69.849996  66.776020  1.711
 14     1.485 52717.27934765 10.02  69.846616  66.772950  1.711
 15     1.527 52752.27936814  6.38  69.849842  66.798717  2.026
 15     1.308 52752.27936879  6.39  69.846462  66.795647  2.026
 15     1.253 52752.27936943  6.30  69.843072  66.792577  2.026
 15     1.202 52752.27937008  6.59  69.839682  66.789507  2.026
 15     1.185 52752.27937072  6.56  69.836302  66.786427  2.026
 15     1.254 52752.27937137  7.05  69.832912  66.783357  2.026
 15     1.333 52752.27937201  6.60  69.829532  66.780287  2.026
 15     1.666 52752.27937266  6.69  69.826152  66.777207  2.026
 15     1.952 52752.27937330  6.62  69.822772  66.774137  2.026
 16     3.365 52787.27931502 20.58  69.872700  66.784011 21.599
 16     3.406 52787.27931566 27.17  69.869310  66.780941 21.599
 16     3.512 52787.27931631 26.89  69.865920  66.777871 21.599
 16     3.329 52787.27931695 23.50  69.862540  66.774791 21.599
 16     3.150 52787.27931759 23.24  69.859150  66.771721 21.599
 17     2.584 52822.27938742 43.81  69.869863  66.785475 17.996
 17     2.581 52822.27938806 41.46  69.866483  66.782405 17.996
 17     2.605 52822.27938870 39.42  69.863093  66.779335 17.996
 17     2.601 52822.27938935 36.03  69.859703  66.776265 17.996
 17     2.244 52822.27938999 33.65  69.856323  66.773185 17.996
 17     2.614 52822.27939064 42.03  69.852933  66.770115 17.996
 18    -0.109 52857.27943395 24.62  69.871525  66.788097 18.670
 18    -0.607 52857.27943459 23.77  69.868135  66.785017 18.670
 18    -1.599 52857.27943524 24.22  69.864745  66.781947 18.670
 18     0.708 52857.27943588 23.65  69.861365  66.778877 18.670
 18     1.616 52857.27943653 21.90  69.857975  66.775807 18.670
 18     2.098 52857.27943717 24.02  69.854595  66.772727 18.670
 19     0.630 52892.27946556 37.65  69.862176  66.792592 18.428
 19     0.421 52892.27946620 35.11  69.858786  66.789522 18.428
 19     0.095 52892.27946684 31.94  69.855406  66.786452 18.428
 19     0.296 52892.27946749 29.48  69.852016  66.783372 18.428
 19     0.794 52892.27946813 28.47  69.848636  66.780302 18.428
 19     1.250 52892.27946878 29.37  69.845246  66.777232 18.428
 19     1.669 52892.27946942 30.66  69.841866  66.774152 18.428
 20     1.172 52927.27941658 43.64  69.853549  66.798330 20.593
 20     0.774 52927.27941723 45.37  69.850159  66.795260 20.593
 20     0.812 52927.27941787 45.37  69.846779  66.792180 20.593
 20     0.774 52927.27941852 44.44  69.843389  66.789110 20.593
 20     0.653 52927.27941916 44.24  69.840009  66.786040 20.593
 20     0.530 52927.27941980 38.90  69.836619  66.782960 20.593
 20     0.924 52927.27942045 34.74  69.833239  66.779890 20.593
 20     1.336 52927.27942109 33.98  69.829859  66.776820 20.593
 20     1.674 52927.27942174 34.65  69.826479  66.773740 20.593
 21     0.432 52962.27938890 23.80  69.876817  66.784104  4.032
 21     0.551 52962.27938954 23.68  69.873437  66.781034  4.032
 21     0.520 52962.27939019 24.33  69.870047  66.777954  4.032
 21     0.522 52962.27939083 22.31  69.866659  66.774884  4.941
 21     0.183 52962.27939148 21.89  69.863279  66.771814  4.941
 22     0.706 52997.27942927 13.52  69.864990  66.793954  2.496
 22     0.654 52997.27942992 13.59  69.861600  66.790884  2.496
 22     0.556 52997.27943056 13.72  69.858220  66.787804  2.652
 22     0.612 52997.27943121 14.26  69.854830  66.784734  2.652
 22     0.717 52997.27943185 14.06  69.851450  66.781664  2.652
 22     0.803 52997.27943250 13.89  69.848060  66.778584  2.652
 22     0.678 52997.27943314 13.88  69.844680  66.775514  2.652
 23     1.141 53032.27938681 10.72  69.855751  66.798151  2.188
 23     0.939 53032.27938745 10.76  69.852361  66.795081  2.188
 23     0.757 53032.27938810 11.34  69.848971  66.792011  2.188
 23     0.729 53032.27938874 11.49  69.845591  66.788931  2.188
 23     0.638 53032.27938939 11.80  69.842201  66.785861  2.188
 23     0.603 53032.27939003 11.65  69.838821  66.782791  2.188
 23     0.703 53032.27939068 11.56  69.835441  66.779721  2.188
 23     0.722 53032.27939132 11.83  69.832061  66.776641  2.188
 23     0.490 53032.27939197 11.74  69.828681  66.773571  2.188
 24     0.801 53067.27939866 10.18  69.869114  66.789762  2.260
 24     0.778 53067.27939930 10.38  69.865724  66.786682  2.260
 24     0.732 53067.27939995 10.80  69.862338  66.783611  2.459
 24     0.853 53067.27940059 10.60  69.858958  66.780541  2.459
 24     0.949 53067.27940124 10.55  69.855568  66.777471  2.459
 24     0.992 53067.27940188 10.92  69.852188  66.774391  2.459
 24     0.931 53067.27940253 11.23  69.848798  66.771321  2.459
 25     1.028 53102.27939065  6.97  69.854402  66.800350  1.976
 25     1.052 53102.27939129  7.65  69.851022  66.797270  1.976
 25     0.961 53102.27939194  7.86  69.847632  66.794200  1.976
 25     0.892 53102.27939258  7.92  69.844242  66.791130  1.976
 25     0.686 53102.27939323  8.27  69.840862  66.788050  1.976
 25     0.859 53102.27939387  8.12  69.837482  66.784980  1.976
 25     0.895 53102.27939452  8.28  69.834092  66.781910  1.976
 25     1.009 53102.27939516  8.30  69.830712  66.778830  1.976
 25     0.824 53102.27939580  8.71  69.827332  66.775760  1.976
 26     1.081 53137.27940147  8.36  69.871745  66.788582  2.201
 26     1.029 53137.27940211  8.39  69.868360  66.785511  2.342
 26     1.084 53137.27940275  8.49  69.864970  66.782441  2.342
 26     1.088 53137.27940340  8.31  69.861590  66.779371  2.342
 26     1.293 53137.27940404  7.98  69.858200  66.776291  2.342
 26     1.402 53137.27940469  8.44  69.854820  66.773221  2.342
 26     1.595 53137.27940533  8.38  69.851440  66.770151  2.342
 27     0.778 53172.27944849 22.31  69.866248  66.791325 20.122
 27    -0.232 53172.27944914 22.29  69.862858  66.788255 20.122
 27     0.461 53172.27944978 20.73  69.859468  66.785185 20.122
 27     0.766 53172.27945043 21.96  69.856088  66.782115 20.122
 27     1.781 53172.27945107 21.26  69.852698  66.779035 20.122
 27     2.187 53172.27945171 20.44  69.849318  66.775965 20.122
 27     2.538 53172.27945236 26.98  69.845934  66.772898 40.081
 28     0.998 53207.27946278 19.03  69.862651  66.793515 19.198
 28     1.294 53207.27946342 17.67  69.859261  66.790445 19.198
 28     1.034 53207.27946406 18.69  69.855871  66.787375 19.198
 28     1.439 53207.27946471 17.95  69.852491  66.784295 19.198
 28     1.594 53207.27946535 18.78  69.849101  66.781225 19.198
 28     1.845 53207.27946600 21.29  69.845719  66.778158 29.971
 28     2.108 53207.27946664 23.64  69.842339  66.775078 29.971
 29     0.888 53242.27943042 43.64  69.861955  66.793762 21.482
 29     0.527 53242.27943107 38.86  69.858565  66.790692 21.482
 29     0.040 53242.27943171 37.92  69.855185  66.787622 21.482
 29     0.117 53242.27943236 35.73  69.851795  66.784542 21.482
 29     0.842 53242.27943300 33.05  69.848415  66.781472 21.482
 29     1.230 53242.27943365 33.87  69.845028  66.778402 25.051
 29     1.316 53242.27943429 36.61  69.841648  66.775322 25.051
 30     0.662 53277.27940518 37.27  69.872785  66.782925 18.197
 30     0.439 53277.27940582 36.40  69.869395  66.779845 18.197
 30     0.904 53277.27940647 34.16  69.866005  66.776775 18.197
 30     1.047 53277.27940711 33.89  69.862625  66.773705 18.197
 30     1.226 53277.27940776 34.09  69.859235  66.770635 18.197
 31     0.881 53312.27943887 23.79  69.866861  66.793787  5.715
 31     0.805 53312.27943951 25.12  69.863471  66.790717  5.715
 31     0.779 53312.27944016 26.30  69.860091  66.787647  5.715
 31     0.926 53312.27944080 25.92  69.856701  66.784567  5.715
 31     1.021 53312.27944145 26.15  69.853311  66.781497  5.715
 31     0.994 53312.27944209 25.85  69.849935  66.778422 10.245
 31     0.930 53312.27944274 24.14  69.846545  66.775352 10.245
 32     1.057 53347.27940467 15.18  69.864309  66.794326  2.896
 32     0.886 53347.27940531 15.38  69.860919  66.791256  2.896
 32     0.840 53347.27940595 15.79  69.857529  66.788186  2.896
 32     0.823 53347.27940660 15.58  69.854149  66.785106  2.896
 32     0.918 53347.27940724 15.61  69.850759  66.782036  2.896
 32     1.022 53347.27940789 15.27  69.847381  66.778969  3.862
 32     1.095 53347.27940853 15.65  69.843991  66.775889  3.862
 33     0.961 53382.27936928 13.40  69.874237  66.785002  2.452
 33     1.009 53382.27936993 13.35  69.870847  66.781932  2.452
 33     1.100 53382.27937057 13.14  69.867457  66.778852  2.452
 33     1.163 53382.27937121 13.18  69.864077  66.775782  2.499
 33     1.224 53382.27937186 13.12  69.860687  66.772712  2.499
 33     1.180 53382.27937250 13.29  69.857307  66.769642  2.499
 34     0.975 53417.27938402 11.24  69.868521  66.789899  2.368
 34     0.929 53417.27938467 11.59  69.865131  66.786829  2.368
 34     0.924 53417.27938531 11.70  69.861751  66.783759  2.368
 34     0.982 53417.27938596 11.29  69.858361  66.780679  2.368
 34     1.076 53417.27938660 11.00  69.854980  66.777613  2.328
 34     1.241 53417.27938724 11.38  69.851600  66.774533  2.328
 35     1.009 53452.27938524 10.04  69.877135  66.783080  2.411
 35     0.878 53452.27938589 10.04  69.873755  66.780010  2.411
 35     1.048 53452.27938653  9.91  69.870366  66.776933  2.146
 35     1.306 53452.27938718  9.49  69.866976  66.773863  2.146
 35     1.343 53452.27938782  9.61  69.863596  66.770793  2.146
 36     1.545 53487.27946885  8.95  69.862819  66.794264  2.121
 36     1.333 53487.27946949  8.79  69.859429  66.791194  2.121
 36     1.211 53487.27947013  8.85  69.856039  66.788114  2.121
 36     1.149 53487.27947078  8.66  69.852649  66.785044  2.121
 36     1.207 53487.27947142  8.39  69.849271  66.781970  1.819
 36     1.391 53487.27947207  8.31  69.845881  66.778900  1.819
 36     1.382 53487.27947271  8.23  69.842501  66.775830  1.819
 37     1.262 53522.27946002 15.73  69.866871  66.792175 17.336
 37     1.159 53522.27946067 15.79  69.863491  66.789105 17.336
 37     1.047 53522.27946131 15.84  69.860101  66.786025 17.336
 37     1.940 53522.27946196 15.15  69.856711  66.782955 17.336
 37     1.883 53522.27946260 15.79  69.853335  66.779887 33.569
 37     2.094 53522.27946324 21.94  69.849945  66.776807 33.569
 37     2.430 53522.27946389 26.54  69.846565  66.773737 33.569
 38     0.714 53557.27948450 17.91  69.860669  66.796998 18.844
 38     1.338 53557.27948514 18.22  69.857279  66.793928 18.844
 38     1.110 53557.27948579 17.12  69.853899  66.790858 18.844
 38     1.020 53557.27948643 17.73  69.850509  66.787778 18.844
 38     1.539 53557.27948708 17.40  69.847119  66.784708 18.844
 38     1.596 53557.27948772 18.12  69.843740  66.781642 30.189
 38     2.111 53557.27948837 19.12  69.840350  66.778562 30.189
 38     2.281 53557.27948901 27.91  69.836970  66.775492 30.189
 39     0.460 53592.27942223 21.68  69.861952  66.792487 22.633
 39    -0.491 53592.27942287 26.10  69.858572  66.789417 22.633
 39    -0.054 53592.27942352 27.60  69.855182  66.786337 22.633
 39     0.509 53592.27942416 29.42  69.851802  66.783267 22.633
 39     1.096 53592.27942481 34.85  69.848416  66.780197 28.306
 39     1.133 53592.27942545 35.98  69.845036  66.777117 28.306
 39     1.621 53592.27942610 31.06  69.841656  66.774047 28.306
 40     1.071 53627.27941358 36.30  69.869859  66.785057 16.436
 40     0.641 53627.27941423 31.99  69.866469  66.781987 16.436
 40     0.638 53627.27941487 28.12  69.863082  66.778909 17.264
 40     1.361 53627.27941552 26.95  69.859692  66.775839 17.264
 40     1.275 53627.27941616 28.09  69.856312  66.772769 17.264
 40     1.817 53627.27941681 26.62  69.852922  66.769689 17.264
 41     1.052 53662.27943776 45.15  69.866592  66.792103 30.831
 41     0.952 53662.27943840 44.48  69.863202  66.789033 30.831
 41     0.808 53662.27943905 37.62  69.859822  66.785963 30.831
 41     0.372 53662.27943969 34.51  69.856432  66.782883 30.831
 41     0.120 53662.27944034 30.66  69.853044  66.779810 13.968
 41     0.924 53662.27944098 26.32  69.849664  66.776740 13.968
 41     0.997 53662.27944163 25.67  69.846274  66.773670 13.968
 42     1.096 53697.27940304 17.79  69.861000  66.795293  3.173
 42     0.977 53697.27940369 18.63  69.857610  66.792223  3.173
 42     0.794 53697.27940433 20.19  69.854230  66.789153  3.173
 42     0.613 53697.27940498 20.18  69.850840  66.786073  3.173
 42     0.656 53697.27940562 19.21  69.847460  66.783003  3.173
 42     0.777 53697.27940627 19.04  69.844076  66.779935  6.085
 42     0.835 53697.27940691 19.16  69.840686  66.776855  6.085
 42     1.049 53697.27940756 18.77  69.837306  66.773785  6.085
 43     1.242 53732.27932508 11.63  69.860370  66.798504  2.246
 43     1.162 53732.27932572 11.99  69.856980  66.795434  2.246
 43     0.938 53732.27932637 12.22  69.853600  66.792364  2.246
 43     0.833 53732.27932701 12.61  69.850210  66.789294  2.246
 43     0.609 53732.27932766 12.83  69.846830  66.786214  2.246
 43     0.642 53732.27932830 12.72  69.843450  66.783144  2.246
 43     0.926 53732.27932895 12.56  69.840068  66.780072  2.774
 43     0.906 53732.27932959 13.17  69.836678  66.776992  2.774
 43     0.619 53732.27933024 13.71  69.833298  66.773922  2.774
 45     1.062 53802.27930098  8.32  69.862378  66.796274  2.026
 45     0.973 53802.27930162  8.26  69.858988  66.793204  2.026
 45     0.920 53802.27930227  8.06  69.855608  66.790124  2.026
 45     0.689 53802.27930291  8.50  69.852218  66.787054  2.026
 45     0.723 53802.27930356  8.80  69.848838  66.783984  2.026
 45     0.836 53802.27930420  8.40  69.845449  66.780914  2.367
 45     0.967 53802.27930485  8.65  69.842069  66.777834  2.367
 45     1.169 53802.27930549  8.64  69.838689  66.774764  2.367
 46     0.897 53837.27931354  8.85  69.873912  66.786394  2.114
 46     0.876 53837.27931418  8.78  69.870532  66.783324  2.114
 46     0.934 53837.27931483  8.62  69.867142  66.780254  2.114
 46     1.172 53837.27931547  8.94  69.863754  66.777174  2.204
 46     1.396 53837.27931612  8.40  69.860374  66.774104  2.204
 46     1.635 53837.27931676  8.69  69.856984  66.771034  2.204
 47     1.243 53872.27936556 35.93  69.868681  66.791825 29.046
 47     1.400 53872.27936620 40.82  69.865291  66.788755 29.046
 47     1.480 53872.27936685 45.73  69.861911  66.785675 29.046
 47     1.497 53872.27936749 41.70  69.858521  66.782605 29.046
 47     1.287 53872.27936813 36.13  69.855135  66.779531 30.260
 47     1.434 53872.27936878 34.45  69.851755  66.776461 30.260
 47     1.607 53872.27936942 34.82  69.848365  66.773391 30.260
 48     0.786 53907.27940598 19.60  69.864988  66.792125 23.235
 48     0.048 53907.27940663 19.55  69.861598  66.789055 23.235
 48    -0.215 53907.27940727 20.38  69.858208  66.785975 23.235
 48     1.522 53907.27940792 17.26  69.854823  66.782902 34.460
 48     2.024 53907.27940856 16.62  69.851433  66.779832 34.460
 48     2.349 53907.27940921 19.73  69.848053  66.776762 34.460
 48     2.418 53907.27940985 28.58  69.844673  66.773692 34.460
 49     1.442 53942.27943250 23.38  69.858558  66.795539 18.808
 49     1.039 53942.27943315 22.46  69.855168  66.792469 18.808
 49     0.218 53942.27943379 20.70  69.851788  66.789399 18.808
 49     0.568 53942.27943444 18.83  69.848398  66.786319 18.808
 49     1.415 53942.27943508 16.99  69.845008  66.783249 18.808
 49     1.827 53942.27943573 17.27  69.841631  66.780182 25.334
 49     2.188 53942.27943637 19.19  69.838241  66.777102 25.334
 49     2.330 53942.27943702 28.37  69.834861  66.774032 25.334
 50     1.268 53977.27938527 38.66  69.859386  66.800163 22.895
 50     1.083 53977.27938591 41.42  69.855996  66.797083 22.895
 50     1.092 53977.27938656 39.55  69.852606  66.794013 22.895
 50     0.644 53977.27938720 32.53  69.849226  66.790943 22.895
 50    -0.292 53977.27938785 29.25  69.845836  66.787873 22.895
 50     0.037 53977.27938849 27.94  69.842456  66.784793 22.895
 50     0.765 53977.27938914 26.32  69.839066  66.781723 22.895
 50     1.181 53977.27938978 25.58  69.835691  66.778652 22.682
 50     1.208 53977.27939042 30.50  69.832311  66.775572 22.682
 51     0.641 54012.27939378 32.82  69.873654  66.782092 27.995
 51     0.590 54012.27939443 29.35  69.870264  66.779022 27.995
 51     1.021 54012.27939507 33.77  69.866874  66.775942 14.801
 51     1.091 54012.27939572 35.01  69.863494  66.772872 14.801
 51     1.352 54012.27939636 30.75  69.860104  66.769802 14.801
 52     0.844 54047.27940446 11.05  69.869220  66.787373  2.444
 52     0.776 54047.27940510 11.05  69.865830  66.784303  2.444
 52     0.768 54047.27940575 11.13  69.862450  66.781223  2.444
 52     0.883 54047.27940639 10.92  69.859060  66.778153  2.444
 52     1.044 54047.27940704 10.57  69.855681  66.775087  1.942
 52     1.289 54047.27940768 10.38  69.852291  66.772007  1.942
 54     1.556 54117.27932727  9.16  69.853691  66.798454  1.950
 54     1.217 54117.27932791  9.21  69.850311  66.795384  1.950
 54     1.158 54117.27932856  8.93  69.846921  66.792314  1.950
 54     1.011 54117.27932920  9.67  69.843541  66.789234  1.950
 54     0.903 54117.27932985  9.73  69.840151  66.786164  1.950
 54     0.936 54117.27933049  9.68  69.836771  66.783094  1.950
 54     1.061 54117.27933114  9.51  69.833386  66.780020  1.973
 54     1.285 54117.27933178  9.52  69.830006  66.776950  1.973
 54     1.321 54117.27933242  9.62  69.826626  66.773870  1.973
 55     1.430 54152.27934838 10.86  69.865723  66.793463  1.985
 55     1.186 54152.27934902 11.26  69.862333  66.790393  1.985
 55     1.083 54152.27934967 10.96  69.858943  66.787323  1.985
 55     1.008 54152.27935031 10.82  69.855553  66.784243  1.985
 55     1.167 54152.27935095 10.92  69.852173  66.781173  1.985
 55     1.562 54152.27935160 10.92  69.848785  66.778107  1.835
 55     1.788 54152.27935224 11.01  69.845405  66.775027  1.835
 56     1.620 54187.27932080  8.66  69.855714  66.797342  1.776
 56     1.337 54187.27932145  8.86  69.852334  66.794272  1.776
 56     1.284 54187.27932209  8.87  69.848944  66.791202  1.776
 56     1.129 54187.27932274  9.12  69.845564  66.788122  1.776
 56     1.051 54187.27932338  9.10  69.842174  66.785052  1.776
 56     1.241 54187.27932403  9.19  69.838794  66.781982  1.776
 56     1.518 54187.27932467  9.20  69.835414  66.778902  1.776
 56     1.908 54187.27932532  9.41  69.832034  66.775832  1.776
 57     2.078 54222.27935847 41.65  69.868355  66.790792 15.901
 57     1.957 54222.27935911 39.37  69.864965  66.787722 15.901
 57     2.043 54222.27935976 35.44  69.861585  66.784642 15.901
 57     1.515 54222.27936040 30.34  69.858195  66.781572 15.901
 57     1.692 54222.27936105 28.00  69.854805  66.778502 15.901
 57     1.888 54222.27936169 30.76  69.851425  66.775432 15.901
 57     2.010 54222.27936234 36.45  69.848045  66.772352 15.901
 58     2.143 54257.27938045 14.55  69.865332  66.793032 24.187
 58     2.064 54257.27938109 15.05  69.861942  66.789962 24.187
 58     2.176 54257.27938174 14.94  69.858552  66.786892 24.187
 58     2.241 54257.27938238 14.76  69.855172  66.783812 24.187
 58     2.095 54257.27938303 15.22  69.851782  66.780742 24.187
 58     2.271 54257.27938367 16.52  69.848402  66.777672 24.187
 58     2.501 54257.27938431 19.94  69.845012  66.774592 24.187
 59     0.916 54292.27938316 21.28  69.865680  66.791226 26.553
 59    -0.024 54292.27938381 22.33  69.862290  66.788156 26.553
 59     0.137 54292.27938445 20.54  69.858910  66.785076 26.553
 59     1.536 54292.27938510 18.43  69.855520  66.782006 26.553
 59     1.966 54292.27938574 29.18  69.852140  66.778936 26.553
 59     2.365 54292.27938639 23.37  69.848750  66.775856 26.553
 59     2.619 54292.27938703 25.42  69.845370  66.772786 26.553
 60     2.165 54327.27937944 30.21  69.862287  66.791866 24.845
 60     2.115 54327.27938009 31.72  69.858897  66.788796 24.845
 60     1.784 54327.27938073 35.35  69.855517  66.785716 24.845
 60     2.148 54327.27938138 34.27  69.852127  66.782646 24.845
 60     2.552 54327.27938202 29.66  69.848747  66.779576 24.845
 60     2.656 54327.27938266 30.85  69.845367  66.776496 24.845
 60     2.741 54327.27938331 39.96  69.841977  66.773426 24.845
 61     1.503 54362.27932823 23.65  69.854965  66.798244 21.962
 61     1.313 54362.27932888 19.46  69.851575  66.795164 21.962
 61     0.987 54362.27932952 19.65  69.848195  66.792094 21.962
 61     0.285 54362.27933017 20.92  69.844805  66.789024 21.962
 61     0.079 54362.27933081 20.33  69.841425  66.785944 21.962
 61     0.998 54362.27933146 20.07  69.838035  66.782874 21.962
 61     1.576 54362.27933210 20.61  69.834655  66.779804 21.962
 61     1.801 54362.27933275 23.73  69.831275  66.776724 21.962
 61     2.121 54362.27933339 30.93  69.827895  66.773654 21.962
 62     0.981 54397.27931974 48.52  69.866494  66.788895 23.189
 62     1.080 54397.27932038 44.03  69.863104  66.785825 23.189
 62     0.825 54397.27932103 28.21  69.859714  66.782755 23.189
 62     0.483 54397.27932167 24.27  69.856334  66.779685 23.189
 62     0.927 54397.27932232 22.89  69.852944  66.776605 23.189
 62     1.015 54397.27932296 21.06  69.849564  66.773535 23.189
 63     1.144 54432.27927798 21.52  69.861557  66.797950  3.808
 63     0.967 54432.27927863 22.42  69.858167  66.794880  3.808
 63     0.843 54432.27927927 23.14  69.854777  66.791810  3.808
 63     0.703 54432.27927992 23.65  69.851397  66.788730  3.808
 63     0.640 54432.27928056 24.76  69.848007  66.785660  3.808
 63     0.682 54432.27928121 24.74  69.844627  66.782590  3.808
 63     0.849 54432.27928185 24.40  69.841247  66.779510  3.808
 63     0.932 54432.27928249 23.65  69.837857  66.776440  3.808
 63     0.694 54432.27928314 22.96  69.834477  66.773370  3.808
 64     0.835 54467.27930126 18.22  69.870861  66.788156  2.767
 64     0.764 54467.27930190 18.77  69.867471  66.785086  2.767
 64     0.828 54467.27930255 18.79  69.864081  66.782016  2.767
 64     0.957 54467.27930319 17.79  69.860701  66.778946  2.767
 64     1.065 54467.27930384 16.95  69.857311  66.775866  2.767
 64     1.160 54467.27930448 17.09  69.853931  66.772796  2.767
 65     1.279 54502.27929322 14.94  69.861681  66.795611  2.614
 65     1.084 54502.27929386 15.33  69.858301  66.792531  2.614
 65     1.014 54502.27929451 15.34  69.854911  66.789461  2.614
 65     0.810 54502.27929515 15.56  69.851527  66.786395  2.648
 65     0.815 54502.27929580 15.75  69.848147  66.783315  2.648
 65     0.951 54502.27929644 15.37  69.844757  66.780245  2.648
 65     1.104 54502.27929708 14.87  69.841377  66.777175  2.648
 65     1.138 54502.27929773 14.99  69.837997  66.774095  2.648
 66     0.925 54537.27931639 11.69  69.864073  66.791068  2.416
 66     0.906 54537.27931704 11.98  69.860683  66.787998  2.416
 66     0.849 54537.27931768 11.84  69.857305  66.784924  2.526
 66     0.917 54537.27931833 12.40  69.853915  66.781854  2.526
 66     1.000 54537.27931897 12.41  69.850535  66.778784  2.526
 66     0.980 54537.27931961 12.08  69.847145  66.775714  2.526
 66     1.169 54537.27932026 12.59  69.843765  66.772634  2.526
 67     1.386 54572.27929463  7.86  69.858237  66.796568  2.022
 67     1.198 54572.27929527  7.85  69.854847  66.793498  2.022
 67     1.018 54572.27929592  8.23  69.851467  66.790428  2.022
 67     0.998 54572.27929656  8.23  69.848077  66.787348  2.022
 67     0.913 54572.27929721  8.43  69.844697  66.784278  2.022
 67     0.886 54572.27929785  8.54  69.841317  66.781208  2.022
 67     1.005 54572.27929850  8.35  69.837926  66.778134  2.406
 67     1.066 54572.27929914  8.47  69.834546  66.775064  2.406
 68     2.370 54607.27930979 41.54  69.864374  66.790749 38.240
 68     2.383 54607.27931043 37.68  69.860994  66.787669 38.240
 68     2.268 54607.27931108 36.29  69.857604  66.784599 38.240
 68     1.948 54607.27931172 26.71  69.854217  66.781524 27.142
 68     2.257 54607.27931237 32.55  69.850837  66.778454 27.142
 68     2.334 54607.27931301 49.55  69.847447  66.775384 27.142
 69     1.242 54642.27931811 21.52  69.863641  66.794479 18.978
 69     0.808 54642.27931876 20.47  69.860261  66.791409 18.978
 69    -0.111 54642.27931940 21.04  69.856871  66.788329 18.978
 69     0.339 54642.27932005 18.97  69.853491  66.785259 18.978
 69     1.756 54642.27932069 17.40  69.850104  66.782183 34.734
 69     1.965 54642.27932134 17.32  69.846714  66.779113 34.734
 69     2.472 54642.27932198 21.17  69.843334  66.776043 34.734
 69     2.623 54642.27932263 34.83  69.839954  66.772973 34.734
 70     0.788 54677.27932019 28.74  69.864358  66.793047 20.908
 70     0.431 54677.27932084 26.65  69.860978  66.789977 20.908
 70    -0.377 54677.27932148 22.98  69.857588  66.786897 20.908
 70    -1.207 54677.27932213 20.41  69.854198  66.783827 20.908
 70     1.412 54677.27932277 19.34  69.850818  66.780761 26.558
 70     1.838 54677.27932341 17.90  69.847428  66.777681 26.558
 70     2.180 54677.27932406 22.19  69.844048  66.774611 26.558
 71     1.381 54712.27927335 45.87  69.860344  66.799021 26.914
 71     1.206 54712.27927400 40.51  69.856954  66.795941 26.914
 71     0.831 54712.27927464 34.37  69.853574  66.792871 26.914
 71     0.197 54712.27927529 28.34  69.850184  66.789801 26.914
 71    -0.148 54712.27927593 27.81  69.846804  66.786731 26.914
 71     0.403 54712.27927658 32.25  69.843414  66.783651 26.914
 71     0.967 54712.27927722 32.32  69.840034  66.780581 26.914
 71     1.224 54712.27927787 33.65  69.836654  66.777511 26.914
 71     1.517 54712.27927851 35.27  69.833267  66.774435 27.603
 72     1.010 54747.27928889 45.06  69.868318  66.792095 30.909
 72     0.902 54747.27928954 43.06  69.864928  66.789025 30.909
 72     0.779 54747.27929018 35.35  69.861538  66.785945 30.909
 72     0.564 54747.27929083 30.09  69.858157  66.782874 16.980
 72     0.481 54747.27929147 26.00  69.854767  66.779804 16.980
 72     1.189 54747.27929212 23.76  69.851387  66.776734 16.980
 72     1.439 54747.27929276 34.17  69.847997  66.773654 16.980
 73     1.227 54782.27926029 32.62  69.864622  66.795064  9.115
 73     1.216 54782.27926094 35.99  69.861242  66.791994  9.115
 73     1.042 54782.27926158 35.09  69.857852  66.788914  9.115
 73     1.041 54782.27926223 39.53  69.854472  66.785844  9.115
 73     1.104 54782.27926287 39.08  69.851088  66.782769  8.492
 73     1.157 54782.27926352 36.74  69.847698  66.779699  8.492
 73     1.169 54782.27926416 34.06  69.844318  66.776629  8.492
 73     1.089 54782.27926481 30.34  69.840938  66.773549  8.492
 74     1.188 54817.27928183 19.35  69.869105  66.790965  3.658
 74     1.029 54817.27928247 20.04  69.865715  66.787885  3.658
 74     0.833 54817.27928311 19.77  69.862325  66.784815  3.658
 74     0.740 54817.27928376 20.09  69.858945  66.781742  2.462
 74     0.888 54817.27928440 19.75  69.855555  66.778672  2.462
 74     1.168 54817.27928505 18.51  69.852175  66.775602  2.462
 74     1.410 54817.27928569 18.38  69.848785  66.772532  2.462
 75     1.206 54852.27925786 16.05  69.862140  66.794766  2.933
 75     1.068 54852.27925850 15.81  69.858750  66.791696  2.933
 75     0.990 54852.27925915 16.11  69.855360  66.788626  2.933
 75     0.899 54852.27925979 15.75  69.851980  66.785546  2.933
 75     0.798 54852.27926044 15.89  69.848600  66.782476  2.933
 75     0.957 54852.27926108 15.37  69.845217  66.779408  2.065
 75     1.182 54852.27926173 14.98  69.841827  66.776328  2.065
 75     1.096 54852.27926237 14.64  69.838447  66.773258  2.065
 76     1.116 54887.27928650 12.64  69.863508  66.790838  2.895
 76     0.989 54887.27928715 12.47  69.860118  66.787758  2.895
 76     0.917 54887.27928779 12.60  69.856736  66.784687  2.073
 76     0.732 54887.27928844 12.31  69.853346  66.781617  2.073
 76     0.985 54887.27928908 11.90  69.849966  66.778547  2.073
 76     1.240 54887.27928973 11.50  69.846576  66.775477  2.073
 77     1.257 54922.27925786 12.48  69.853533  66.799387  2.451
 77     1.262 54922.27925851 12.44  69.850143  66.796317  2.451
 77     1.161 54922.27925915 12.80  69.846763  66.793247  2.451
 77     1.180 54922.27925980 12.89  69.843373  66.790167  2.451
 77     1.048 54922.27926044 12.92  69.839993  66.787097  2.451
 77     1.021 54922.27926109 12.54  69.836613  66.784027  2.451
 77     0.966 54922.27926173 12.23  69.833222  66.780953  1.988
 77     1.108 54922.27926238 12.28  69.829842  66.777883  1.988
 77     1.059 54922.27926302 12.09  69.826462  66.774803  1.988
 78     1.359 54957.27928226  9.48  69.869211  66.791693  2.495
 78     1.382 54957.27928291  9.55  69.865821  66.788623  2.495
 78     1.378 54957.27928355  9.72  69.862431  66.785543  2.495
 78     1.384 54957.27928420  9.27  69.859044  66.782469  2.095
 78     1.544 54957.27928484  8.84  69.855664  66.779399  2.095
 78     1.467 54957.27928549  8.75  69.852274  66.776329  2.095
 78     1.585 54957.27928613  8.59  69.848894  66.773259  2.095
 79     2.417 54992.27930535 15.46  69.862463  66.792360 13.378
 79     2.181 54992.27930599 15.01  69.859073  66.789280 13.378
 79     2.493 54992.27930664 14.88  69.855693  66.786210 13.378
 79     2.384 54992.27930728 15.53  69.852301  66.783136 34.034
 79     2.267 54992.27930793 15.93  69.848921  66.780066 34.034
 79     2.509 54992.27930857 21.89  69.845541  66.776996 34.034
 79     2.794 54992.27930922 25.60  69.842151  66.773926 34.034
 80     0.959 55027.27929535 21.44  69.864607  66.795544 18.993
 80     1.038 55027.27929599 18.07  69.861227  66.792474 18.993
 80     1.459 55027.27929664 18.12  69.857837  66.789394 18.993
 80     1.494 55027.27929728 18.27  69.854447  66.786324 18.993
 80     1.794 55027.27929793 16.86  69.851068  66.783258 25.355
 80     1.941 55027.27929857 17.40  69.847678  66.780178 25.355
 80     2.188 55027.27929922 20.77  69.844298  66.777108 25.355
 80     2.332 55027.27929986 30.09  69.840918  66.774038 25.355
 81     0.288 55062.27928864 23.04  69.863269  66.792041 22.009
 81    -0.505 55062.27928928 26.04  69.859879  66.788971 22.009
 81     0.158 55062.27928993 25.73  69.856489  66.785891 22.009
 81     0.589 55062.27929057 30.09  69.853109  66.782821 22.009
 81     0.937 55062.27929122 29.48  69.849719  66.779753 26.461
 81     1.298 55062.27929186 30.90  69.846339  66.776673 26.461
 81     1.509 55062.27929251 34.05  69.842959  66.773603 26.461
 82     1.047 55097.27923590 47.55  69.853463  66.798832 36.818
 82     0.986 55097.27923655 52.22  69.850083  66.795752 36.818
 82     1.058 55097.27923719 47.58  69.846693  66.792682 36.818
 82     1.043 55097.27923784 49.53  69.843313  66.789612 36.818
 82     0.978 55097.27923848 41.64  69.839923  66.786532 36.818
 82     0.719 55097.27923913 34.01  69.836543  66.783462 36.818
 82     0.731 55097.27923977 31.80  69.833163  66.780392 36.818
 82     1.058 55097.27924042 31.41  69.829774  66.777317 20.944
 82     1.167 55097.27924106 34.43  69.826394  66.774247 20.944
 84     0.955 55167.27919844 15.94  69.863635  66.795823  2.719
 84     0.953 55167.27919908 16.59  69.860245  66.792753  2.719
 84     0.866 55167.27919973 16.76  69.856865  66.789683  2.719
 84     0.733 55167.27920037 17.35  69.853475  66.786613  2.719
 84     0.781 55167.27920101 17.58  69.850085  66.783533  2.719
 84     0.822 55167.27920166 17.42  69.846705  66.780463  2.719
 84     0.870 55167.27920230 16.96  69.843323  66.777393  3.979
 84     1.181 55167.27920295 17.37  69.839943  66.774313  3.979
 85     0.938 55202.27922421 10.98  69.867742  66.791778  2.363
 85     0.881 55202.27922485 11.51  69.864352  66.788708  2.363
 85     0.784 55202.27922550 12.12  69.860962  66.785628  2.363
 85     0.823 55202.27922614 11.67  69.857582  66.782556  2.631
 85     0.903 55202.27922679 12.56  69.854192  66.779486  2.631
 85     0.982 55202.27922743 11.70  69.850812  66.776416  2.631
 85     1.014 55202.27922808 11.88  69.847422  66.773346  2.631
 86     1.148 55237.27920576  9.41  69.858285  66.796069  2.051
 86     0.981 55237.27920640  9.14  69.854895  66.792999  2.051
 86     0.901 55237.27920704  9.76  69.851515  66.789929  2.051
 86     0.843 55237.27920769  9.87  69.848125  66.786849  2.051
 86     0.880 55237.27920833 10.28  69.844745  66.783779  2.051
 86     0.898 55237.27920898  9.84  69.841358  66.780711  2.335
 86     1.137 55237.27920962  9.93  69.837978  66.777631  2.335
 86     1.079 55237.27921027 10.04  69.834598  66.774561  2.335
 87     1.159 55272.27921822 10.66  69.864622  66.793612  2.370
 87     1.099 55272.27921886 10.70  69.861232  66.790542  2.370
 87     0.934 55272.27921951 10.95  69.857852  66.787462  2.370
 87     1.000 55272.27922015 10.89  69.854459  66.784388  2.242
 87     1.042 55272.27922080 11.07  69.851079  66.781318  2.242
 87     1.146 55272.27922144 10.76  69.847689  66.778248  2.242
 87     1.243 55272.27922209 10.83  69.844309  66.775178  2.242
 88     1.704 55307.27918720  2.95  69.857974  66.798680  2.182
 88     1.424 55307.27918785  3.19  69.854584  66.795610  2.182
 88     1.299 55307.27918849  3.22  69.851204  66.792540  2.182
 88     1.230 55307.27918914  3.30  69.847814  66.789460  2.182
 88     1.048 55307.27918978  3.96  69.844434  66.786390  2.182
 88     1.053 55307.27919043  3.08  69.841054  66.783320  2.182
 88     1.429 55307.27919107  3.23  69.837669  66.780245  3.194
 88     1.576 55307.27919172  4.45  69.834289  66.777175  3.194
 88     1.911 55307.27919236  3.45  69.830899  66.774095  3.194
 89     2.470 55342.27918826 21.31  69.864856  66.791088 12.747
 89     2.540 55342.27918891 21.22  69.861466  66.788018 12.747
 89     3.144 55342.27918955 20.44  69.858076  66.784938 12.747
 89     2.976 55342.27919020 20.66  69.854696  66.781868 12.747
 89     3.041 55342.27919084 21.86  69.851306  66.778801 31.032
 89     3.129 55342.27919149 25.45  69.847926  66.775721 31.032
 89     2.875 55342.27919213 26.53  69.844546  66.772651 31.032
 90     1.161 55377.27918124 17.26  69.863342  66.795958 15.711
 90     1.510 55377.27918189 14.77  69.859962  66.792888 15.711
 90     1.629 55377.27918253 14.89  69.856572  66.789808 15.711
 90     1.242 55377.27918318 15.50  69.853192  66.786738 15.711
 90     1.455 55377.27918382 15.52  69.849807  66.783671 29.586
 90     1.711 55377.27918447 16.22  69.846417  66.780591 29.586
 90     1.944 55377.27918511 22.69  69.843037  66.777521 29.586
 90     2.174 55377.27918575 26.91  69.839657  66.774451 29.586
 91    -0.246 55412.27920604 23.03  69.866222  66.788327 22.866
 91    -0.247 55412.27920669 22.58  69.862832  66.785257 22.866
 91     0.652 55412.27920733 21.87  69.859450  66.782183 21.919
 91     1.390 55412.27920798 20.41  69.856060  66.779113 21.919
 91     1.752 55412.27920862 19.63  69.852680  66.776043 21.919
 91     1.887 55412.27920926 28.80  69.849290  66.772963 21.919
 92     0.798 55447.27919608 29.06  69.863525  66.793798 23.836
 92     0.498 55447.27919673 26.04  69.860135  66.790728 23.836
 92    -0.475 55447.27919737 27.03  69.856745  66.787648 23.836
 92     0.325 55447.27919802 27.50  69.853365  66.784578 23.836
 92     0.773 55447.27919866 29.32  69.849985  66.781508 23.836
 92     1.086 55447.27919931 35.42  69.846599  66.778438 29.620
 92     1.310 55447.27919995 38.66  69.843209  66.775358 29.620
 93     1.325 55482.27912568 40.43  69.855309  66.800234 31.018
 93     1.027 55482.27912632 41.07  69.851919  66.797154 31.018
 93     1.037 55482.27912696 48.62  69.848539  66.794084 31.018
 93     1.103 55482.27912761 46.96  69.845149  66.791014 31.018
 93     1.045 55482.27912825 37.71  69.841769  66.787944 31.018
 93     0.670 55482.27912890 32.47  69.838389  66.784864 31.018
 93     0.677 55482.27912954 32.89  69.835009  66.781794 31.018
 93     0.993 55482.27913019 31.09  69.831619  66.778724 31.018
 93     1.019 55482.27913083 47.39  69.828244  66.775648 17.438
