# NaN NaN NaN ;Mean Elev.(m), Avg Gradient(m/km), RMS Gradient(m/km) - SRTM1     
#    2.000  -1.338  18.236 ;Mean Elev.(m), Avg Gradient(m/km), RMS Gradient(m/km) - ASTER GDEM
#   10.409   0.308  16.755 ;Mean Elev.(m), Avg Gradient(m/km), RMS Gradient(m/km) - GMTED2010 
  8  66.444378  62.372393    21.708    21.475  3 52488.27825706 19.642
  9  66.438396  62.375306    20.771    20.883  4 52523.27823027 22.124
 11  66.440688  62.375538    17.139    17.189  4 52593.27827995 34.341
 13  66.442531  62.372259    14.790    14.801  4 52663.27824271 16.572
 16  66.433390  62.376922    52.479    56.820  3 52768.27824513  4.703
 18  66.450675  62.366697    19.249    19.263  5 52838.27832934 33.932
 19  66.446306  62.366923    14.046    14.046  2 52873.27836938 34.931
 20  66.443495  62.371265    13.355    13.421  4 52908.27835187 27.693
 21  66.458415  62.361875    11.618    11.618  6 52943.27827986 37.317
 23  66.440041  62.374866    12.283    12.235  4 53013.27833660 18.364
 25  66.438020  62.377073    16.780    17.161  3 53083.27834122 10.167
 26  66.448625  62.371385    18.366    18.179  5 53118.27831215  8.534
 27  66.443239  62.372940    20.677    20.661  4 53153.27836233 27.788
 29  66.441943  62.371009    18.111    18.134  3 53223.27836899 20.653
 30  66.436485  62.379397    18.491    18.714  4 53258.27834318 17.192
 31  66.446500  62.372620    17.852    17.910  4 53293.27836549 18.905
 32  66.445920  62.372405    15.346    15.336  4 53328.27833929 33.553
 35  66.444336  62.377582    14.145    14.145  2 53433.27830520 12.735
 36  66.449968  62.367673    17.927    18.239  5 53468.27834571  9.745
 38  66.441331  62.370237    20.431    20.431  2 53538.27838883 15.966
 39  66.439532  62.375747    17.023    16.927  4 53573.27838880 42.284
 40  66.436333  62.377980    14.090    13.781  3 53608.27833789 31.425
 41  66.452288  62.369135    26.284    30.257  5 53643.27834065 28.850
 42  66.441535  62.375957    12.888    12.607  4 53678.27835818 25.687
 43  66.441849  62.375409    14.872    14.807  4 53713.27828687 28.238
 45  66.446670  62.371671    13.106    13.153  4 53783.27823181 12.740
 46  66.436861  62.377282    16.898    17.200  4 53818.27819429  7.049
 47  66.452070  62.376670    13.626    13.626  2 53853.27827050 11.647
 48  66.454762  62.371853    84.322    84.322  2 53888.27827862  0.790
 51  66.456953  62.360652    18.345    15.127  6 53993.27826999 34.402
 52  66.451869  62.366303    13.262    13.249  5 54028.27833020 32.565
 53  66.447121  62.371786    17.057    17.381  4 54063.27832318 28.783
 54  66.439397  62.377319    14.451    14.473  4 54098.27829078 16.342
 55  66.452213  62.367050    14.967    14.855  5 54133.27824698 11.761
 56  66.439414  62.375044    14.420    14.439  3 54168.27826514 10.851
 57  66.449236  62.366318    14.734    14.435  4 54203.27825108 20.160
 59  66.445469  62.372556    22.143    21.998  5 54273.27830325 21.265
 60  66.444959  62.368911    21.892    21.755  4 54308.27830597 28.053
 61  66.440505  62.375399    18.665    18.631  4 54343.27828341 32.314
 62  66.450520  62.371021    30.442    35.543  4 54378.27824090 22.391
 63  66.443582  62.373182    13.440    13.412  4 54413.27823148 42.413
 64  66.450902  62.366865    13.159    13.170  5 54448.27820782 23.437
 65  66.446805  62.370708    13.824    12.878  5 54483.27822522 12.645
 68  66.447579  62.370163    67.987    67.987  2 54588.27821667 21.854
 69  66.445109  62.373878    21.877    21.857  4 54623.27823403 13.343
 70  66.445358  62.374240    18.924    18.870  4 54658.27824302 34.219
 71  66.443586  62.375033    45.013    16.453  3 54693.27822450 16.776
 72  66.447923  62.365634    19.652    20.008  3 54728.27819805 14.018
 73  66.444757  62.372417    14.074    13.637  5 54763.27820281 43.048
 74  66.451992  62.367788    14.906    14.883  5 54798.27819096 46.312
 75  66.445074  62.373773    15.255    15.241  4 54833.27819256 14.976
 76  66.452209  62.367203    15.958    16.271  6 54868.27818729 13.164
 77  66.439370  62.376639    15.426    15.009  4 54903.27820217  8.524
 78  66.448622  62.368888    17.367    17.270  5 54938.27817747  8.031
 79  66.447055  62.371280    21.043    20.897  4 54973.27820882 15.776
 81  66.443562  62.368229    18.824    18.824  2 55043.27821434 18.975
 82  66.440806  62.374976    19.793    19.949  3 55078.27819125 14.145
 83  66.449942  62.371030    37.828    33.845  4 55113.27814623 12.608
 85  66.451457  62.367541    15.386    15.745  5 55183.27812826 16.805
 86  66.440043  62.371053    13.816    13.816  2 55218.27814495  7.237
 87  66.450886  62.367745    14.352    14.526  6 55253.27812449  9.205
 88  66.439729  62.376927    17.567    17.724  4 55288.27813391  4.953
 90  66.444925  62.374920    21.334    21.311  4 55358.27810989 13.909
 91  66.448486  62.369973    18.799    18.824  4 55393.27811378 33.502
 92  66.444292  62.368564    16.967    16.967  2 55428.27812694 19.231
 93  66.439238  62.373654    18.566    19.587  3 55463.27809003 16.433
