# NaN NaN NaN ;Mean Elev.(m), Avg Gradient(m/km), RMS Gradient(m/km) - SRTM1     
#  -11.985  -0.314   5.521 ;Mean Elev.(m), Avg Gradient(m/km), RMS Gradient(m/km) - ASTER GDEM
#    3.705  -0.027   1.777 ;Mean Elev.(m), Avg Gradient(m/km), RMS Gradient(m/km) - GMTED2010 
  8  66.083480  66.269316     5.591     5.614  8 52498.67797255 31.643
 10  66.075760  66.264296     3.737     3.809  8 52568.67798660 23.102
 11  66.081198  66.268487     2.500     2.486  7 52603.67797737 28.646
 13  66.080888  66.268303     2.988     3.002  7 52673.67795240 13.387
 14  66.073433  66.262249     2.734     2.655  9 52708.67796259 11.284
 15  66.077988  66.265410     2.401     2.405  8 52743.67799272  9.237
 17  66.067475  66.259838     5.921     5.983  9 52813.67801199 40.511
 19  66.077316  66.264055     3.453     3.504  8 52883.67810168 36.141
 20  66.084647  66.269206     3.042     3.085  8 52918.67805893 27.520
 21  66.073510  66.261713     0.168     0.313  9 52953.67802055 29.531
 22  66.082811  66.268582     1.824     1.146  8 52988.67802975 17.323
 23  66.087747  66.269816     2.818     2.823  8 53023.67801708 11.277
 24  66.080188  66.267363     3.130     3.064  7 53058.67801222 11.191
 25  66.081598  66.266966     2.386     2.362  8 53093.67804999 10.028
 26  66.076270  66.263447     3.028     3.005  9 53128.67802107  8.590
 28  66.078070  66.265100     5.197     5.162  8 53198.67808869 35.845
 29  66.087449  66.270035     2.825     2.589  8 53233.67806142 33.088
 30  66.091369  66.270849     2.587     2.634  8 53268.67802894 33.535
 31  66.065486  66.261674     2.342     2.078  9 53303.67808706 47.243
 32  66.079549  66.268662     2.073     1.755  8 53338.67805712 18.022
 33  66.091487  66.270928     2.393     2.246  8 53373.67799002 13.749
 34  66.076895  66.264820     2.947     2.795  8 53408.67802999 12.626
 35  66.091076  66.270041     2.256     2.049  8 53443.67801462  9.890
 36  66.070406  66.260920     2.551     2.458  9 53478.67808952  8.746
 37  66.078086  66.265579     6.068     6.137  9 53513.67809934 32.811
 38  66.078960  66.264838     4.950     4.985  8 53548.67811752 19.454
 39  66.081857  66.269019     3.551     3.511  7 53583.67808338 39.195
 40  66.088579  66.269902     2.588     2.662  8 53618.67803972 31.020
 41  66.074067  66.263598     2.729     2.691  8 53653.67806192 30.967
 42  66.078525  66.264633    -3.725    -3.750  8 53688.67806010 32.215
 43  66.092539  66.270402     2.211     1.865  8 53723.67798557 18.985
 44  66.076125  66.264056     2.763     2.868  8 53758.67792382 13.898
 45  66.085049  66.268916     2.453     1.968  8 53793.67794553 12.476
 46  66.071654  66.261625     3.203     3.209  9 53828.67791658 10.330
 47  66.072031  66.261853     4.788     4.510  9 53863.67799892  2.069
 48  66.076854  66.264266     3.740     4.596  8 53898.67802337 21.337
 49  66.073217  66.262289     4.157     4.339  9 53933.67806857 22.078
 50  66.079254  66.265366     3.265     3.248  8 53968.67804059 47.200
 51  66.068156  66.261769     2.535     2.411  9 54003.67801097 35.299
 52  66.076391  66.265177     1.456     1.427  8 54038.67804567 20.032
 53  66.080251  66.268172     3.854     3.556  8 54073.67804051 10.953
 54  66.091425  66.269960     4.069     3.587  8 54108.67798736 12.312
 55  66.074412  66.262371     4.462     4.075  9 54143.67797645  9.827
 56  66.085004  66.270260     4.059     4.120  7 54178.67797143 10.020
 57  66.072906  66.264501     2.586     2.770  9 54213.67798448 24.419
 58  66.076075  66.264565     5.671     5.729  8 54248.67801272 20.856
 59  66.079082  66.267301     6.373     6.401  8 54283.67802138 39.610
 60  66.081124  66.267362     5.365     5.547  7 54318.67801898 23.286
 61  66.086754  66.269518     4.410     4.121  8 54353.67798349 27.876
 62  66.079309  66.264679     3.477     3.297  8 54388.67795855 25.801
 63  66.081252  66.269919     1.464     1.403  7 54423.67793346 32.707
 64  66.073520  66.262013     3.108     2.813  9 54458.67793307 15.647
 65  66.083774  66.268609     2.944     2.840  8 54493.67793713 14.000
 66  66.075752  66.265115     3.192     2.838  9 54528.67794632 12.957
 67  66.087082  66.269083     3.478     3.036  8 54563.67794449  8.750
 68  66.078332  66.265159     2.595     2.603  8 54598.67794201 24.573
 69  66.077554  66.265327     5.574     5.507  8 54633.67795481 32.988
 70  66.077776  66.267513     4.639     4.607  8 54668.67796032 23.469
 71  66.085396  66.270113     2.647     2.596  8 54703.67792529 36.351
 72  66.075095  66.262066     2.960     2.878  9 54738.67792127 31.291
 73  66.082587  66.269537     2.186     2.175  7 54773.67790615 44.789
 74  66.071107  66.262333     2.276     2.322  8 54808.67791493 19.115
 75  66.081429  66.268325     3.189     2.960  8 54843.67790386 12.534
 76  66.074663  66.264962     3.469     3.120  9 54878.67791818 10.201
 77  66.084676  66.269264     3.626     3.137  8 54913.67790807  9.945
 78  66.075166  66.263864     4.177     4.024  9 54948.67791054  5.938
 79  66.077509  66.264459     6.147     6.137  8 54983.67793578 32.224
 80  66.078340  66.267760     4.997     4.969  8 55018.67793336 22.035
 81  66.080458  66.268593     3.754     3.583  8 55053.67792943 32.814
 82  66.085770  66.269841     2.279     2.294  8 55088.67789090 44.103
 83  66.075542  66.265130     3.406     3.376  9 55123.67786528 27.223
 84  66.082709  66.267985     1.538     1.278  7 55158.67785141 24.553
 85  66.071843  66.262295     2.739     2.377  9 55193.67785492 12.203
 86  66.082828  66.269991     2.310     2.445  7 55228.67785359 10.140
 87  66.078155  66.265462     2.864     2.901  9 55263.67785054  9.749
 88  66.086203  66.269274     3.989     3.774  8 55298.67783693 11.676
 89  66.079409  66.266856     4.996     5.058  7 55333.67782912 40.854
 90  66.080911  66.267869     4.892     4.748  8 55368.67782062 19.685
 91  66.075223  66.262828     3.832     3.998  9 55403.67783607 27.135
 92  66.083165  66.267899     3.088     3.104  7 55438.67783879 30.198
 93  66.087987  66.270366     2.450     2.468  7 55473.67778638 33.207
