# NaN NaN NaN ;Mean Elev.(m), Avg Gradient(m/km), RMS Gradient(m/km) - SRTM1     
#   10.004  -0.171   3.500 ;Mean Elev.(m), Avg Gradient(m/km), RMS Gradient(m/km) - ASTER GDEM
#   24.265  -0.183   2.026 ;Mean Elev.(m), Avg Gradient(m/km), RMS Gradient(m/km) - GMTED2010 
  8  68.175080  61.498836    23.916    23.916  2 52485.68298690 27.461
  9  68.179628  61.498918    20.810    20.810  2 52520.68295262 32.194
 10  68.157734  61.501076    22.370    22.309  4 52555.68300473 25.212
 11  68.170809  61.499522    17.649    17.649  2 52590.68299373 40.272
 12  68.190472  61.494375    19.365    19.365  2 52625.68291884 26.989
 14  68.158223  61.502508    19.694    19.711  4 52695.68293919 16.219
 15  68.179093  61.497821    20.310    20.310  2 52730.68296688  8.503
 16  68.178319  61.497986    19.230    19.230  2 52765.68297706 32.932
 17  68.159731  61.502082    22.638    22.671  4 52800.68297293 33.486
 18  68.165816  61.499675    22.592    22.538  4 52835.68303967 25.479
 19  68.172616  61.499055    17.270    17.270  2 52870.68308049 30.226
 20  68.176890  61.498204    15.795    15.795  2 52905.68307975 37.457
 21  68.157703  61.502738    19.720    19.800  4 52940.68301289 22.174
 22  68.163315  61.500231    15.423    15.405  4 52975.68305927 28.718
 23  68.168445  61.501242    15.411    15.411  2 53010.68306318 18.968
 24  68.158632  61.502481    16.783    16.340  4 53045.68302686 17.718
 25  68.168248  61.500561    15.166    15.182  3 53080.68306032 17.017
 26  68.154635  61.503105    22.803    22.895  5 53115.68303175  5.898
 27  68.164597  61.499572    21.609    21.622  4 53150.68307822 31.273
 28  68.177386  61.498861    22.648    22.648  2 53185.68306657 45.096
 29  68.176768  61.498001    20.245    20.245  2 53220.68309235 22.187
 30  68.178013  61.498886    20.853    20.853  2 53255.68306916 15.034
 32  68.179429  61.496911    18.289    18.289  2 53325.68305481 37.930
 33  68.185825  61.496583    11.223    11.223  2 53360.68301340 22.901
 34  68.159952  61.502458    16.701    16.720  4 53395.68303434 21.354
 35  68.185249  61.495747    15.713    15.713  2 53430.68302490 17.071
 36  68.160161  61.502138    19.990    19.996  4 53465.68305585  9.349
 37  68.163526  61.500916    21.734    21.731  4 53500.68311533 51.310
 38  68.175628  61.499656    22.682    22.682  2 53535.68310338 48.322
 39  68.168132  61.500500    20.426    20.426  2 53570.68311322 43.431
 40  68.186499  61.496148    19.829    19.829  2 53605.68305957 19.156
 41  68.157029  61.502129    18.212    17.512  4 53640.68306113 18.502
 42  68.165119  61.499946    18.473    18.210  4 53675.68308007 16.710
 43  68.188200  61.496585    15.951    15.951  2 53710.68300869 41.084
 44  68.158924  61.500731    16.273    16.284  4 53745.68292005 23.650
 45  68.177157  61.498333    15.321    15.321  2 53780.68295045 16.918
 46  68.194750  61.493486    22.925    20.782  3 53815.68291831  9.536
 47  68.157331  61.501854    16.636    16.580  4 53850.68298723 17.713
 48  68.177970  61.498780    21.631    21.631  2 53885.68299603 18.279
 49  68.159362  61.502665    21.639    21.675  4 53920.68306629 19.085
 50  68.163862  61.501124    19.573    19.107  4 53955.68306379 19.485
 51  68.193156  61.494543    19.403    19.403  2 53990.68298060 20.822
 52  68.162358  61.500858    16.559    16.565  4 54025.68304790 22.731
 53  68.178652  61.498494    18.713    18.713  2 54060.68304010 38.480
 55  68.158525  61.502731    20.491    20.479  4 54130.68296202 12.619
 56  68.176646  61.498067    16.409    16.409  2 54165.68298628 11.373
 57  68.161744  61.501984    21.778    21.860  4 54200.68296470 14.372
 58  68.168903  61.500546    22.522    22.522  2 54235.68300176 22.091
 59  68.174572  61.498633    23.928    23.928  2 54270.68302175 35.559
 60  68.170720  61.500745    23.789    23.789  2 54305.68302490 26.364
 61  68.179551  61.498595    22.000    22.000  2 54340.68300652 20.387
 63  68.172045  61.500801    21.171    21.171  2 54410.68295353 17.671
 64  68.161167  61.500062    19.462    19.439  4 54445.68292305 22.165
 65  68.172293  61.500911    16.490    16.490  2 54480.68294477 21.361
 66  68.162345  61.500715    15.761    15.752  5 54515.68293739 23.290
 67  68.179222  61.497984    21.062    21.062  2 54550.68295716 13.937
 68  68.169449  61.500317    17.726    17.714  3 54585.68293300 24.140
 69  68.170813  61.500398    22.089    22.089  2 54620.68295210 21.980
 70  68.170431  61.500296    22.211    22.211  2 54655.68296244 23.663
 71  68.176587  61.498156    21.588    21.588  2 54690.68294747 21.904
 72  68.163514  61.500200    20.556    21.621  4 54725.68291343 18.145
 73  68.171987  61.500098    16.952    16.952  2 54760.68292444 53.218
 74  68.158035  61.501083    16.734    16.752  4 54795.68290686 39.558
 75  68.171062  61.500601    17.969    17.969  2 54830.68292481 24.517
 76  68.163850  61.499460    16.800    16.814  4 54865.68290145 19.138
 77  68.174668  61.499950    15.877    15.877  2 54900.68292348 18.491
 78  68.165989  61.501118    16.002    16.015  3 54935.68289316 16.250
 79  68.169552  61.501135    21.532    21.532  2 54970.68292583 17.003
 80  68.170188  61.499562    21.332    21.332  2 55005.68294495 21.240
 81  68.172246  61.500455    20.908    20.908  2 55040.68293299 15.295
 82  68.177575  61.499039    17.319    17.319  2 55075.68291456 30.147
 83  68.165236  61.500048    19.256    19.180  4 55110.68286557 16.008
 84  68.171854  61.499655    16.078    16.078  2 55145.68286785 38.984
 85  68.159148  61.501871    17.156    17.153  4 55180.68284311 28.380
 86  68.174509  61.499146    16.280    16.280  3 55215.68286230 15.536
 87  68.165604  61.500877    17.017    16.401  3 55250.68283954 12.908
 88  68.177446  61.498446    20.972    20.972  2 55285.68285588 11.127
 89  68.170613  61.500372    20.120    19.425  3 55320.68282995 41.618
 90  68.171928  61.500973    22.567    22.567  2 55355.68283047 18.592
 91  68.164545  61.499507    22.210    22.201  4 55390.68283070 22.544
 92  68.171426  61.501122    20.749    20.749  2 55425.68284744 15.584
 93  68.182848  61.496154    16.896    16.896  2 55460.68281426 39.640
