# NaN NaN NaN ;Mean Elev.(m), Avg Gradient(m/km), RMS Gradient(m/km) - SRTM1     
#  -10.604  -1.791  15.021 ;Mean Elev.(m), Avg Gradient(m/km), RMS Gradient(m/km) - ASTER GDEM
#    0.064  -1.231  17.232 ;Mean Elev.(m), Avg Gradient(m/km), RMS Gradient(m/km) - GMTED2010 
 12  68.533075  66.647422    76.126    76.126  2 52632.67003777  1.919
 16  68.553125  66.654154   109.938   110.049  5 52772.67003440  4.023
 17  68.540352  66.636459   109.263   109.263  2 52807.67009140  0.470
 18  68.537537  66.643081    87.215    87.215  2 52842.67015092  0.881
 19  68.541466  66.643301     3.074     4.363  5 52877.67018926 30.507
 21  68.533276  66.644882    79.237    66.072  3 52947.67010540  8.371
 27  68.539568  66.640500   109.856   109.170  5 53157.67017829  2.761
 28  68.549630  66.646818    82.345    78.473  3 53192.67017234  1.390
 31  68.530987  66.643909    75.866    66.462  4 53297.67018212 13.051
 33  68.550547  66.656647    95.199    95.199  2 53367.67009974  0.030
 37  68.544359  66.644936   108.537   108.645  5 53507.67019786  9.787
 42  68.548693  66.641274   109.652   109.652  2 53682.67016404  0.081
 48  68.546740  66.644841   109.480   109.522  4 53892.67010286  1.338
 49  68.542395  66.637810    69.782    69.782  2 53927.67016105  2.896
 50  68.547528  66.644925    88.338    90.211  4 53962.67014534  1.721
 51  68.532270  66.639470   100.187   103.215  7 53997.67009102  1.530
 52  68.543576  66.643187    91.872    93.281  4 54032.67014143  5.042
 58  68.546002  66.645188   103.234   102.426  4 54242.67010218  5.304
 60  68.547085  66.646489     6.304     6.709  5 54312.67011643 20.410
 61  68.553984  66.649778   109.626   109.626  2 54347.67008880  3.695
 63  68.547759  66.650650   106.477   106.917  3 54417.67003833  1.301
 69  68.546434  66.646654   108.887   108.954  5 54627.67004802  7.286
 72  68.535287  66.646907    73.209    73.209  2 54732.67001277  2.616
 73  68.546257  66.647384    68.036    68.087  4 54767.67000955 13.424
 75  68.541012  66.651100    89.493    89.493  2 54837.67000340  1.606
 81  68.544314  66.646348     5.193     5.208  5 55047.67002537 23.487
 85  68.533459  66.647855    77.451    78.033  3 55187.66994524  1.681
 89  68.544158  66.644499   108.561   108.471  5 55327.66992416  3.044
 91  68.539728  66.643248     5.390     5.684  6 55397.66992784 31.884
