# NaN NaN NaN ;Mean Elev.(m), Avg Gradient(m/km), RMS Gradient(m/km) - SRTM1     
#    2.114  -0.251   3.594 ;Mean Elev.(m), Avg Gradient(m/km), RMS Gradient(m/km) - ASTER GDEM
#   19.576  -0.184   2.830 ;Mean Elev.(m), Avg Gradient(m/km), RMS Gradient(m/km) - GMTED2010 
  7  66.903127  62.209634    21.550    21.550  2 52469.68513515 30.223
  8  66.904916  62.211127    18.209    18.258  3 52504.68512028 28.261
 11  66.907069  62.211347    15.939    15.927  3 52609.68510754 45.153
 20  66.911792  62.211207    16.516    18.324  3 52924.68520147 28.666
 21  66.901695  62.208228    12.151    12.151  2 52959.68516818 27.877
 22  66.900284  62.210556    12.354    12.354  2 52994.68520108 23.930
 23  66.915574  62.210265    12.409    12.409  2 53029.68516436 16.502
 24  66.904660  62.210531    12.417    12.418  3 53064.68517214 38.305
 25  66.908454  62.210616    14.743    12.544  3 53099.68518095 32.976
 26  66.905088  62.210543    14.373    14.337  3 53134.68517200 32.815
 29  66.914417  62.211609    14.236    14.247  3 53239.68521021 40.669
 32  66.907484  62.210902    16.006    16.024  3 53344.68519186 43.383
 34  66.908498  62.211397    13.549    13.564  3 53414.68516887 41.224
 37  66.906109  62.211043    19.174    19.158  3 53519.68524334 25.192
 39  66.915950  62.211171    15.809    15.809  2 53589.68521058 31.505
 42  66.908083  62.210748    12.198    12.186  3 53694.68519160 49.478
 43  66.919034  62.210892    13.927    13.927  2 53729.68511428 20.689
 44  66.901421  62.211448    13.000    13.000  2 53764.68507949 20.513
 45  66.916464  62.210450    12.102    12.102  2 53799.68508492 12.698
 50  66.908561  62.211020    17.964    18.787  3 53974.68517357 24.586
 52  66.903959  62.210943    14.558    14.440  3 54044.68518739 47.618
 53  66.909341  62.210446    16.370    16.370  3 54079.68518048 37.064
 54  66.917614  62.210333    15.473    15.473  2 54114.68511598 17.324
 56  66.915332  62.211456    17.694    17.717  3 54184.68510670 11.492
 58  66.903396  62.208947    20.281    20.281  2 54254.68516113 32.362
 59  66.906093  62.210757    21.965    21.975  3 54289.68516406 49.204
 60  66.906495  62.210566    20.706    20.790  3 54324.68516153 31.768
 61  66.917794  62.210713    17.042    17.042  2 54359.68511567 23.253
 62  66.902778  62.209926    18.562    18.623  3 54394.68510157 27.413
 63  66.911516  62.211750    15.240    13.974  3 54429.68506608 24.804
 65  66.909996  62.210802    13.016    12.968  3 54499.68507706 26.278
 66  66.903936  62.211298    16.175    16.175  2 54534.68509571 15.478
 67  66.914564  62.211626    18.511    18.502  3 54569.68508052  7.964
 68  66.902692  62.208410    18.797    18.797  2 54604.68508977 24.411
 69  66.904899  62.210781    19.466    19.371  3 54639.68510017 25.632
 70  66.903288  62.210524    17.858    17.493  3 54674.68510273 26.537
 71  66.914618  62.210666    18.459    18.459  2 54709.68505963 18.668
 72  66.902163  62.208488    13.978    13.978  2 54744.68506915 40.216
 73  66.908043  62.211271    14.303    14.240  3 54779.68504333 51.966
 75  66.909575  62.211351    14.804    14.854  3 54849.68504234 34.088
 76  66.899837  62.210407    13.627    13.627  2 54884.68506642 24.025
 77  66.914900  62.210657    12.873    12.837  3 54919.68504387 15.073
 80  66.908089  62.211237    15.857    17.201  3 55024.68507672 23.103
 81  66.905422  62.210487    16.884    16.030  3 55059.68507118 26.421
 82  66.915592  62.210813    14.316    14.316  2 55094.68502341 23.301
 83  66.902932  62.208707    18.377    18.377  2 55129.68501235 19.081
 84  66.907816  62.211700    13.916    13.916  2 55164.68498549 28.896
 86  66.911355  62.211111    15.742    15.946  3 55234.68499056 12.585
 87  66.902876  62.210861    16.600    16.600  2 55269.68499902 12.620
 88  66.917075  62.210901    12.647    12.647  2 55304.68497124 13.530
 89  66.904058  62.210808    18.109    18.049  3 55339.68497113 24.038
 90  66.907999  62.210647    19.413    19.504  3 55374.68496271 25.159
 91  66.902315  62.209951    18.734    18.841  3 55409.68498454 24.924
 92  66.906381  62.210770    17.991    18.835  3 55444.68497972 29.678
 93  66.919420  62.211306    14.145    14.145  2 55479.68491527 51.270
