# NaN NaN NaN ;Mean Elev.(m), Avg Gradient(m/km), RMS Gradient(m/km) - SRTM1     
#   -6.767  -1.916  12.190 ;Mean Elev.(m), Avg Gradient(m/km), RMS Gradient(m/km) - ASTER GDEM
#    1.031  -2.854   5.510 ;Mean Elev.(m), Avg Gradient(m/km), RMS Gradient(m/km) - GMTED2010 
  7    -4.895 52447.67989502 27.85  65.862768  65.767066 23.857
  7    -5.261 52447.67989566 22.52  65.859628  65.770156 23.857
  7    -5.988 52447.67989631 21.62  65.856492  65.773244 22.570
  7    -6.599 52447.67989695 23.55  65.853342  65.776344 22.570
  7    -7.057 52447.67989760 21.81  65.850202  65.779434 22.570
  7    -6.910 52447.67989824 22.34  65.847062  65.782524 22.570
  7    -6.698 52447.67989889 22.03  65.843912  65.785614 22.570
  7    -6.212 52447.67989953 22.80  65.840772  65.788714 22.570
  7    -5.758 52447.67990018 24.26  65.837622  65.791804 22.570
  7    -5.512 52447.67990082 25.43  65.834472  65.794894 22.570
  7    -5.108 52447.67990147 26.45  65.831322  65.797984 22.570
  8     8.620 52482.67988446 29.15  65.873074  65.770222 15.168
  8     8.025 52482.67988510 28.88  65.869934  65.773312 15.168
  8     7.856 52482.67988575 32.83  65.866794  65.776402 15.168
  8     7.915 52482.67988639 33.73  65.863654  65.779492 15.168
  8     8.005 52482.67988704 38.37  65.860504  65.782592 15.168
  8     7.907 52482.67988768 37.87  65.857364  65.785682 15.168
  8     7.840 52482.67988833 39.52  65.854216  65.788777 30.374
  8     7.708 52482.67988897 39.37  65.851076  65.791867 30.374
  8     7.805 52482.67988962 39.03  65.847926  65.794957 30.374
  8     7.875 52482.67989026 41.30  65.844776  65.798047 30.374
  8     7.955 52482.67989090 41.70  65.841626  65.801147 30.374
  8     7.792 52482.67989155 43.24  65.838486  65.804237 30.374
  8     7.752 52482.67989219 43.95  65.835336  65.807327 30.374
  9     7.671 52517.67984106 28.28  65.882601  65.773790 23.016
  9     7.343 52517.67984170 28.05  65.879461  65.776880 23.016
  9     7.231 52517.67984235 29.60  65.876321  65.779970 23.016
  9     5.923 52517.67984299 31.46  65.873181  65.783060 23.016
  9     5.134 52517.67984364 30.50  65.870031  65.786160 23.016
  9     4.957 52517.67984428 26.02  65.866891  65.789250 23.016
  9     6.861 52517.67984493 22.68  65.863741  65.792340 23.016
  9     6.803 52517.67984557 23.43  65.860595  65.795435 26.133
  9     7.242 52517.67984622 20.02  65.857455  65.798525 26.133
  9     7.112 52517.67984686 20.38  65.854305  65.801615 26.133
  9     7.078 52517.67984751 21.82  65.851155  65.804705 26.133
  9     6.968 52517.67984815 23.79  65.848015  65.807805 26.133
  9     7.203 52517.67984880 23.71  65.844865  65.810895 26.133
  9     7.268 52517.67984944 23.47  65.841715  65.813985 26.133
  9     7.306 52517.67985008 27.77  65.838565  65.817075 26.133
  9     7.486 52517.67985073 30.03  65.835415  65.820165 26.133
 10     5.442 52552.67989003 41.59  65.857375  65.767625 16.608
 10     5.444 52552.67989068 38.50  65.854225  65.770715 16.608
 10     5.429 52552.67989132 34.69  65.851085  65.773805 16.608
 10     4.636 52552.67989197 33.00  65.847945  65.776895 16.608
 10     4.140 52552.67989261 29.61  65.844795  65.779995 16.608
 10     3.691 52552.67989326 26.46  65.841655  65.783085 16.608
 10     2.876 52552.67989390 26.77  65.838505  65.786175 16.608
 10     5.091 52552.67989455 25.02  65.835355  65.789265 16.608
 10     5.752 52552.67989519 22.74  65.832205  65.792355 16.608
 10     6.122 52552.67989584 25.04  65.829065  65.795445 16.608
 10     6.833 52552.67989648 28.20  65.825915  65.798545 16.608
 11     4.239 52587.67986879 25.85  65.877791  65.772147 12.605
 11     4.338 52587.67986943 28.60  65.874651  65.775247 12.605
 11     4.502 52587.67987008 31.05  65.871511  65.778337 12.605
 11     4.504 52587.67987072 41.38  65.868361  65.781427 12.605
 11     4.618 52587.67987137 50.85  65.865221  65.784517 12.605
 11     4.779 52587.67987201 47.56  65.862071  65.787617 12.605
 11     4.503 52587.67987265 52.13  65.858931  65.790707 12.605
 11     4.546 52587.67987330 50.79  65.855782  65.793798 22.823
 11     4.490 52587.67987394 40.89  65.852642  65.796888 22.823
 11     4.552 52587.67987459 47.46  65.849492  65.799978 22.823
 11     4.728 52587.67987523 45.92  65.846342  65.803068 22.823
 11     4.518 52587.67987588 46.46  65.843192  65.806168 22.823
 11     4.462 52587.67987652 50.86  65.840042  65.809258 22.823
 11     4.380 52587.67987717 52.54  65.836892  65.812348 22.823
 12     4.781 52622.67982993 14.64  65.881188  65.773128  2.925
 12     4.837 52622.67983057 14.68  65.878048  65.776218  2.925
 12     4.490 52622.67983122 15.26  65.874908  65.779318  2.925
 12     4.191 52622.67983186 15.54  65.871768  65.782408  2.925
 12     3.212 52622.67983251 16.74  65.868618  65.785498  2.925
 12     2.912 52622.67983315 17.69  65.865478  65.788588  2.925
 12     2.837 52622.67983380 18.24  65.862328  65.791688  2.925
 12     2.672 52622.67983444 18.81  65.859188  65.794778  2.925
 12     2.728 52622.67983509 19.10  65.856042  65.797872  3.953
 12     2.698 52622.67983573 19.98  65.852892  65.800962  3.953
 12     2.771 52622.67983638 19.30  65.849752  65.804052  3.953
 12     2.970 52622.67983702 19.18  65.846602  65.807142  3.953
 12     3.086 52622.67983767 18.84  65.843452  65.810242  3.953
 12     2.974 52622.67983831 19.15  65.840302  65.813332  3.953
 12     3.198 52622.67983896 18.80  65.837152  65.816422  3.953
 15     4.896 52727.67986477 10.25  65.873746  65.770717  2.442
 15     5.031 52727.67986541 10.53  65.870604  65.773804  2.386
 15     4.576 52727.67986606 10.73  65.867454  65.776904  2.386
 15     2.547 52727.67986670 11.07  65.864314  65.779994  2.386
 15     2.678 52727.67986735 11.60  65.861164  65.783084  2.386
 15     3.345 52727.67986799 11.14  65.858024  65.786174  2.386
 15     2.524 52727.67986864 11.97  65.854874  65.789274  2.386
 15     2.480 52727.67986928 12.17  65.851734  65.792364  2.386
 15     2.221 52727.67986992 13.24  65.848584  65.795454  2.386
 15     2.465 52727.67987057 12.55  65.845434  65.798544  2.386
 15     3.317 52727.67987121 12.66  65.842284  65.801634  2.386
 15     3.239 52727.67987186 12.04  65.839144  65.804734  2.386
 15     2.893 52727.67987250 12.28  65.835994  65.807824  2.386
 16     5.257 52762.67987879  8.57  65.874806  65.772051  5.038
 16     5.200 52762.67987943  7.68  65.871666  65.775141  5.038
 16     4.996 52762.67988008  7.41  65.868526  65.778231  5.038
 16     4.285 52762.67988072  8.83  65.865376  65.781331  5.038
 16     4.193 52762.67988137  9.75  65.862236  65.784421  5.038
 16     2.790 52762.67988201 14.73  65.859096  65.787511  5.038
 16     2.864 52762.67988266 22.14  65.855949  65.790599  4.892
 16     2.688 52762.67988330 23.42  65.852809  65.793699  4.892
 16     4.159 52762.67988395 15.00  65.849659  65.796789  4.892
 16     4.055 52762.67988459 11.16  65.846519  65.799879  4.892
 16     4.190 52762.67988524  7.93  65.843369  65.802969  4.892
 16     4.956 52762.67988588  7.32  65.840219  65.806069  4.892
 16     5.962 52762.67988653  6.59  65.837069  65.809159  4.892
 17     7.400 52797.67984496 25.59  65.866433  65.769757 20.052
 17     6.861 52797.67984560 23.92  65.863293  65.772847 20.052
 17     6.170 52797.67984625 22.15  65.860143  65.775947 20.052
 17     6.260 52797.67984689 18.64  65.857003  65.779037 20.052
 17     5.445 52797.67984754 20.10  65.853863  65.782127 20.052
 17     5.124 52797.67984818 20.74  65.850713  65.785217 20.052
 17     5.503 52797.67984883 21.47  65.847563  65.788307 20.052
 17     5.917 52797.67984947 22.59  65.844418  65.791402 32.541
 17     6.446 52797.67985012 23.61  65.841268  65.794492 32.541
 17     6.883 52797.67985076 23.91  65.838118  65.797592 32.541
 17     7.066 52797.67985141 27.90  65.834968  65.800682 32.541
 17     7.230 52797.67985205 29.60  65.831818  65.803772 32.541
 18     6.570 52832.67991611 23.32  65.866425  65.769052 21.072
 18     5.803 52832.67991675 24.77  65.863285  65.772142 21.072
 18     5.815 52832.67991740 24.61  65.860145  65.775232 21.072
 18     6.084 52832.67991804 22.99  65.856995  65.778332 21.072
 18     5.922 52832.67991869 21.61  65.853855  65.781422 21.072
 18     5.468 52832.67991933 19.90  65.850705  65.784512 21.072
 18     5.055 52832.67991998 20.53  65.847555  65.787602 21.072
 18     5.193 52832.67992062 21.77  65.844415  65.790692 21.072
 18     5.860 52832.67992127 21.31  65.841258  65.793787 31.306
 18     6.302 52832.67992191 22.44  65.838108  65.796877 31.306
 18     6.642 52832.67992255 24.30  65.834968  65.799967 31.306
 18     6.771 52832.67992320 27.25  65.831808  65.803067 31.306
 19     5.155 52867.67995918 36.12  65.874309  65.772078 12.589
 19     5.252 52867.67995982 33.05  65.871159  65.775178 12.589
 19     5.054 52867.67996047 27.38  65.868019  65.778268 12.589
 19     4.717 52867.67996111 26.07  65.864869  65.781358 12.589
 19     4.151 52867.67996176 23.89  65.861729  65.784448 12.589
 19     3.847 52867.67996240 21.25  65.858579  65.787538 12.589
 19     3.976 52867.67996305 19.14  65.855439  65.790638 12.589
 19     3.938 52867.67996369 19.01  65.852289  65.793727 23.159
 19     4.167 52867.67996434 17.75  65.849139  65.796817 23.159
 19     4.424 52867.67996498 20.22  65.845989  65.799907 23.159
 19     5.078 52867.67996563 20.00  65.842849  65.803007 23.159
 19     5.404 52867.67996627 23.10  65.839699  65.806097 23.159
 19     5.729 52867.67996692 21.68  65.836549  65.809187 23.159
 20     5.328 52902.67997752 40.43  65.875242  65.771622 16.379
 20     5.152 52902.67997817 43.14  65.872102  65.774722 16.379
 20     5.263 52902.67997881 41.85  65.868962  65.777812 16.379
 20     5.443 52902.67997946 38.01  65.865812  65.780902 16.379
 20     4.318 52902.67998010 35.40  65.862672  65.783992 16.379
 20     3.656 52902.67998075 30.94  65.859532  65.787092 16.379
 20     2.968 52902.67998139 29.34  65.856382  65.790182 16.379
 20     2.277 52902.67998204 27.65  65.853237  65.793275 17.449
 20     2.673 52902.67998268 25.22  65.850087  65.796365 17.449
 20     3.631 52902.67998333 23.32  65.846947  65.799455 17.449
 20     4.790 52902.67998397 22.28  65.843797  65.802545 17.449
 20     5.404 52902.67998462 21.39  65.840647  65.805645 17.449
 20     5.648 52902.67998526 21.74  65.837497  65.808735 17.449
 20     5.764 52902.67998591 23.39  65.834347  65.811825 17.449
 21     5.630 52937.67991606 20.12  65.884695  65.773540 12.381
 21     1.774 52937.67991671 22.29  65.881555  65.776640 12.381
 21     1.689 52937.67991735 25.02  65.878415  65.779730 12.381
 21     1.810 52937.67991800 28.68  65.875275  65.782820 12.381
 21     1.705 52937.67991929 39.30  65.868985  65.789010 12.381
 21     1.795 52937.67991993 44.74  65.865845  65.792100 12.381
 21     1.674 52937.67992058 50.53  65.862704  65.795188 19.752
 21     1.689 52937.67992122 46.06  65.859554  65.798288 19.752
 21     1.801 52937.67992187 43.40  65.856414  65.801378 19.752
 21     1.636 52937.67992251 32.84  65.853264  65.804468 19.752
 21     1.869 52937.67992315 28.90  65.850114  65.807558 19.752
 21     1.792 52937.67992380 26.49  65.846974  65.810658 19.752
 21     1.646 52937.67992444 26.39  65.843824  65.813748 19.752
 21     4.043 52937.67992509 25.51  65.840674  65.816838 19.752
 21     1.737 52937.67992573 31.52  65.837524  65.819928 19.752
 22     0.622 52972.67994750 16.68  65.865634  65.769265  3.639
 22     1.040 52972.67994814 17.75  65.862484  65.772355  3.639
 22     1.310 52972.67994879 17.92  65.859344  65.775455  3.639
 22     1.307 52972.67994943 18.95  65.856204  65.778545  3.639
 22     1.103 52972.67995007 20.40  65.853054  65.781635  3.639
 22     1.252 52972.67995072 20.46  65.849914  65.784725  3.639
 22     1.255 52972.67995136 22.31  65.846764  65.787825  3.639
 22     1.467 52972.67995201 22.55  65.843620  65.790912  7.484
 22     1.642 52972.67995265 26.90  65.840470  65.794002  7.484
 22     1.446 52972.67995330 36.21  65.837320  65.797092  7.484
 22     1.682 52972.67995394 25.40  65.834170  65.800192  7.484
 22     4.395 52972.67995459 21.05  65.831020  65.803282  7.484
 23     4.694 53007.67995775  9.51  65.867848  65.771108  2.812
 23     4.442 53007.67995840 10.21  65.864708  65.774208  2.812
 23     1.716 53007.67995904 10.59  65.861568  65.777298  2.812
 23     1.994 53007.67995969 11.23  65.858418  65.780388  2.812
 23     2.136 53007.67996033 11.65  65.855278  65.783478  2.812
 23     1.901 53007.67996097 11.75  65.852128  65.786568  2.812
 23     1.842 53007.67996162 12.39  65.848988  65.789668  2.812
 23     1.747 53007.67996226 13.53  65.845838  65.792758  3.848
 23     3.172 53007.67996291 12.51  65.842698  65.795848  3.848
 23     3.784 53007.67996355 12.24  65.839548  65.798938  3.848
 23     4.330 53007.67996420 11.71  65.836398  65.802038  3.848
 23     4.901 53007.67996484 12.38  65.833248  65.805128  3.848
 24     4.906 53042.67991276  8.85  65.860546  65.766264  3.472
 24     5.032 53042.67991340  8.49  65.857396  65.769354  3.472
 24     4.795 53042.67991405  8.79  65.854256  65.772454  3.472
 24     2.049 53042.67991469  9.81  65.851116  65.775544  3.472
 24     3.321 53042.67991534  9.95  65.847966  65.778634  3.472
 24     2.286 53042.67991598 10.47  65.844816  65.781724  3.472
 24     2.047 53042.67991663 10.93  65.841676  65.784814  3.472
 24     2.603 53042.67991727 10.54  65.838526  65.787914  3.472
 24     3.477 53042.67991791 11.31  65.835380  65.791000  4.056
 24     4.253 53042.67991856 10.62  65.832230  65.794090  4.056
 24     5.005 53042.67991920 10.64  65.829080  65.797190  4.056
 25     6.393 53077.67994643 11.48  65.871778  65.771392  2.405
 25     6.116 53077.67994707 11.41  65.868638  65.774492  2.405
 25     5.691 53077.67994772 12.06  65.865498  65.777582  2.405
 25     5.179 53077.67994836 12.38  65.862358  65.780672  2.405
 25     4.618 53077.67994901 12.58  65.859208  65.783762  2.405
 25     3.945 53077.67994965 13.29  65.856068  65.786862  2.405
 25     3.096 53077.67995030 13.79  65.852918  65.789952  2.405
 25     2.401 53077.67995094 14.19  65.849776  65.793044  3.206
 25     2.309 53077.67995159 14.37  65.846626  65.796134  3.206
 25     3.424 53077.67995223 13.94  65.843476  65.799224  3.206
 25     3.922 53077.67995288 13.28  65.840336  65.802314  3.206
 25     4.189 53077.67995352 13.99  65.837186  65.805414  3.206
 25     4.778 53077.67995417 12.80  65.834036  65.808504  3.206
 26     6.223 53112.67991612  9.35  65.858700  65.765093  3.339
 26     6.268 53112.67991676  9.38  65.855550  65.768183  3.339
 26     5.632 53112.67991741  9.68  65.852410  65.771273  3.339
 26     5.108 53112.67991805  9.63  65.849270  65.774373  3.339
 26     4.365 53112.67991869 10.27  65.846120  65.777463  3.339
 26     4.089 53112.67991934 10.73  65.842980  65.780553  3.339
 26     4.152 53112.67991998 10.47  65.839830  65.783643  3.339
 26     3.544 53112.67992063 11.30  65.836680  65.786743  3.339
 26     4.801 53112.67992127 10.84  65.833531  65.789829  2.123
 26     5.191 53112.67992192 10.84  65.830391  65.792919  2.123
 26     5.801 53112.67992256 10.74  65.827241  65.796009  2.123
 27     4.891 53147.67996114 26.22  65.865839  65.770369 17.502
 27     5.210 53147.67996179 33.39  65.862689  65.773469 17.502
 27     5.596 53147.67996243 40.48  65.859549  65.776559 17.502
 27     5.473 53147.67996308 31.05  65.856409  65.779649 17.502
 27     5.002 53147.67996372 29.49  65.853259  65.782739 17.502
 27     4.637 53147.67996437 28.63  65.850119  65.785839 17.502
 27     4.727 53147.67996501 28.69  65.846969  65.788929 17.502
 27     4.694 53147.67996565 30.84  65.843828  65.792020 23.408
 27     4.671 53147.67996630 30.48  65.840678  65.795110 23.408
 27     4.758 53147.67996694 29.61  65.837528  65.798200 23.408
 27     4.673 53147.67996759 34.28  65.834378  65.801290 23.408
 27     4.730 53147.67996823 42.78  65.831228  65.804390 23.408
 28     6.572 53182.67996238 20.72  65.875337  65.772072 17.909
 28     6.523 53182.67996302 17.53  65.872187  65.775172 17.909
 28     6.889 53182.67996367 16.09  65.869047  65.778262 17.909
 28     7.091 53182.67996431 15.72  65.865907  65.781352 17.909
 28     6.705 53182.67996495 17.68  65.862757  65.784442 17.909
 28     6.553 53182.67996560 16.99  65.859617  65.787542 17.909
 28     5.510 53182.67996624 17.65  65.856467  65.790632 17.909
 28     5.496 53182.67996689 18.72  65.853324  65.793723 28.123
 28     6.017 53182.67996753 19.35  65.850174  65.796813 28.123
 28     6.269 53182.67996818 20.79  65.847024  65.799903 28.123
 28     6.395 53182.67996882 22.86  65.843874  65.802993 28.123
 28     6.666 53182.67996947 24.30  65.840724  65.806093 28.123
 28     6.829 53182.67997011 28.05  65.837574  65.809183 28.123
 28     6.916 53182.67997076 31.83  65.834424  65.812273 28.123
 29     5.795 53217.67998607 26.35  65.872685  65.770645 18.077
 29     5.810 53217.67998671 24.80  65.869545  65.773745 18.077
 29     5.624 53217.67998736 22.23  65.866405  65.776835 18.077
 29     5.337 53217.67998800 22.86  65.863255  65.779925 18.077
 29     4.897 53217.67998865 22.79  65.860115  65.783015 18.077
 29     4.549 53217.67998929 20.72  65.856965  65.786115 18.077
 29     4.319 53217.67998994 20.51  65.853825  65.789205 18.077
 29     5.059 53217.67999058 18.43  65.850676  65.792297 24.483
 29     5.187 53217.67999123 18.06  65.847536  65.795387 24.483
 29     5.419 53217.67999187 17.32  65.844386  65.798477 24.483
 29     5.108 53217.67999251 20.05  65.841236  65.801567 24.483
 29     5.482 53217.67999316 20.59  65.838086  65.804667 24.483
 29     5.600 53217.67999380 24.94  65.834936  65.807757 24.483
 30     5.485 53252.67996389 32.78  65.881051  65.771402 13.430
 30     5.186 53252.67996453 35.14  65.877911  65.774492 13.430
 30     5.078 53252.67996518 36.42  65.874771  65.777592 13.430
 30     4.664 53252.67996582 33.87  65.871631  65.780682 13.430
 30     4.591 53252.67996647 29.16  65.868491  65.783772 13.430
 30     3.804 53252.67996711 27.34  65.865341  65.786872 13.430
 30     2.816 53252.67996776 27.04  65.862201  65.789962 13.430
 30     2.358 53252.67996840 23.87  65.859061  65.793052 13.430
 30     2.471 53252.67996905 22.19  65.855908  65.796148 16.510
 30     2.721 53252.67996969 20.70  65.852768  65.799238 16.510
 30     3.937 53252.67997034 19.38  65.849618  65.802328 16.510
 30     4.773 53252.67997098 18.17  65.846468  65.805418 16.510
 30     5.038 53252.67997162 19.90  65.843328  65.808508 16.510
 30     5.607 53252.67997227 18.68  65.840178  65.811608 16.510
 30     5.518 53252.67997291 18.99  65.837028  65.814698 16.510
 31     5.441 53287.67996248 20.90  65.858231  65.764830  8.393
 31     5.115 53287.67996313 23.07  65.855081  65.767920  8.393
 31     4.973 53287.67996377 22.22  65.851941  65.771010  8.393
 31     4.732 53287.67996442 21.36  65.848801  65.774110  8.393
 31     4.302 53287.67996506 20.18  65.845651  65.777200  8.393
 31     2.829 53287.67996571 24.97  65.842511  65.780290  8.393
 31     2.530 53287.67996635 23.20  65.839361  65.783380  8.393
 31     2.076 53287.67996700 23.24  65.836211  65.786480  8.393
 31     1.980 53287.67996764 20.61  65.833063  65.789566 22.924
 31     1.168 53287.67996829 20.56  65.829923  65.792656 22.924
 31     5.268 53287.67996893 21.02  65.826773  65.795746 22.924
 32     2.010 53322.67993885 17.05  65.879310  65.770402  4.582
 32     1.850 53322.67993949 17.78  65.876170  65.773492  4.582
 32     2.247 53322.67994014 18.26  65.873030  65.776582  4.582
 32     1.920 53322.67994078 20.10  65.869880  65.779672  4.582
 32     2.244 53322.67994143 20.82  65.866740  65.782762  4.582
 32     2.321 53322.67994207 21.40  65.863590  65.785862  4.582
 32     2.231 53322.67994271 22.01  65.860450  65.788952  4.582
 32     2.413 53322.67994336 21.99  65.857300  65.792042  4.582
 32     2.448 53322.67994400 24.12  65.854150  65.795132  4.582
 32     2.500 53322.67994465 25.23  65.851010  65.798232  4.582
 32     2.591 53322.67994529 27.86  65.847855  65.801318  8.444
 32     2.604 53322.67994594 28.66  65.844705  65.804408  8.444
 32     2.493 53322.67994658 27.80  65.841565  65.807498  8.444
 32     2.459 53322.67994723 25.62  65.838405  65.810598  8.444
 32     2.293 53322.67994787 24.71  65.835255  65.813688  8.444
 34     1.888 53392.67991990 14.69  65.859991  65.769369  3.083
 34     2.153 53392.67992054 15.60  65.856851  65.772459  3.083
 34     2.278 53392.67992119 16.74  65.853711  65.775559  3.083
 34     2.394 53392.67992183 16.47  65.850561  65.778649  3.083
 34     2.327 53392.67992248 17.03  65.847421  65.781739  3.083
 34     2.268 53392.67992312 17.99  65.844271  65.784829  3.083
 34     2.329 53392.67992377 17.33  65.841121  65.787929  3.083
 34     2.364 53392.67992441 17.75  65.837979  65.791014  3.836
 34     2.912 53392.67992506 16.72  65.834829  65.794104  3.836
 34     3.717 53392.67992570 16.52  65.831679  65.797204  3.836
 34     4.042 53392.67992635 16.71  65.828529  65.800294  3.836
 35     5.225 53427.67991481 11.32  65.881850  65.772777  2.775
 35     5.407 53427.67991546 11.39  65.878710  65.775877  2.775
 35     4.981 53427.67991610 11.73  65.875570  65.778967  2.775
 35     5.370 53427.67991675 12.36  65.872420  65.782057  2.775
 35     4.016 53427.67991739 12.62  65.869280  65.785147  2.775
 35     4.464 53427.67991804 12.68  65.866140  65.788247  2.775
 35     3.648 53427.67991868 13.79  65.862990  65.791337  2.775
 35     2.303 53427.67991933 14.51  65.859849  65.794430  3.934
 35     2.141 53427.67991997 15.07  65.856699  65.797520  3.934
 35     2.547 53427.67992062 14.85  65.853549  65.800610  3.934
 35     2.224 53427.67992126 15.41  65.850409  65.803700  3.934
 35     2.060 53427.67992191 15.64  65.847259  65.806800  3.934
 35     2.318 53427.67992255 15.91  65.844109  65.809890  3.934
 35     2.598 53427.67992320 15.14  65.840959  65.812980  3.934
 35     2.659 53427.67992384 15.75  65.837809  65.816070  3.934
 36     4.915 53462.67993176  9.70  65.865282  65.769027  3.996
 36     1.979 53462.67993240  9.87  65.862142  65.772127  3.996
 36     2.058 53462.67993305 10.06  65.859002  65.775217  3.996
 36     2.208 53462.67993369 10.60  65.855852  65.778307  3.996
 36     1.799 53462.67993434 11.11  65.852712  65.781397  3.996
 36     2.513 53462.67993498 10.97  65.849562  65.784497  3.996
 36     2.448 53462.67993563 10.90  65.846418  65.787583  2.529
 36     2.301 53462.67993627 11.57  65.843268  65.790673  2.529
 36     2.221 53462.67993692 11.48  65.840118  65.793763  2.529
 36     3.000 53462.67993756 11.29  65.836968  65.796863  2.529
 36     3.715 53462.67993821 11.28  65.833828  65.799953  2.529
 36     3.975 53462.67993885 11.54  65.830668  65.803043  2.529
 37     4.181 53497.68000479 18.86  65.863184  65.769775  9.698
 37     4.377 53497.68000543 20.31  65.860044  65.772865  9.698
 37     4.441 53497.68000608 19.13  65.856894  65.775965  9.698
 37     4.065 53497.68000672 21.03  65.853754  65.779055  9.698
 37     4.176 53497.68000737 20.18  65.850604  65.782145  9.698
 37     4.291 53497.68000801 20.98  65.847464  65.785235  9.698
 37     3.761 53497.68000865 20.73  65.844324  65.788335  9.698
 37     3.828 53497.68000930 16.65  65.841174  65.791425  9.698
 37     3.804 53497.68000994 15.54  65.838024  65.794515  6.805
 37     4.008 53497.68001059 14.16  65.834874  65.797605  6.805
 37     4.254 53497.68001123 14.93  65.831724  65.800695  6.805
 38     6.700 53532.67998619 20.89  65.877637  65.773016 21.536
 38     7.171 53532.67998683 19.23  65.874497  65.776116 21.536
 38     7.137 53532.67998748 17.30  65.871347  65.779206 21.536
 38     7.094 53532.67998812 17.56  65.868207  65.782296 21.536
 38     6.865 53532.67998877 16.55  65.865067  65.785386 21.536
 38     6.419 53532.67998941 17.49  65.861917  65.788486 21.536
 38     6.387 53532.67999006 17.42  65.858777  65.791576 21.536
 38     5.680 53532.67999070 19.10  65.855624  65.794670 29.666
 38     6.232 53532.67999134 18.83  65.852484  65.797760 29.666
 38     6.138 53532.67999199 20.31  65.849334  65.800850 29.666
 38     6.352 53532.67999263 22.44  65.846184  65.803940 29.666
 38     6.552 53532.67999328 24.30  65.843034  65.807040 29.666
 38     6.731 53532.67999392 24.69  65.839884  65.810130 29.666
 38     6.778 53532.67999457 30.44  65.836734  65.813220 29.666
 40     5.135 53602.67995116 28.40  65.883319  65.773113 12.472
 40     3.887 53602.67995180 34.79  65.880179  65.776213 12.472
 40     3.612 53602.67995245 38.81  65.877039  65.779303 12.472
 40     4.663 53602.67995309 26.10  65.873899  65.782393 12.472
 40     4.201 53602.67995374 21.01  65.870749  65.785493 12.472
 40     3.430 53602.67995438 20.36  65.867609  65.788583 12.472
 40     3.101 53602.67995503 19.74  65.864469  65.791673 12.472
 40     3.124 53602.67995567 18.85  65.861318  65.794769 20.946
 40     3.546 53602.67995632 18.43  65.858178  65.797859 20.946
 40     4.088 53602.67995696 17.17  65.855028  65.800949 20.946
 40     4.416 53602.67995761 16.18  65.851878  65.804039 20.946
 40     4.610 53602.67995825 16.91  65.848738  65.807129 20.946
 40     4.540 53602.67995890 18.73  65.845588  65.810229 20.946
 40     4.966 53602.67995954 18.50  65.842438  65.813319 20.946
 40     4.887 53602.67996019 21.85  65.839288  65.816409 20.946
 40     5.176 53602.67996083 22.76  65.836138  65.819499 20.946
 41     5.063 53637.67994906 26.01  65.859275  65.769178 11.308
 41     5.042 53637.67994970 24.89  65.856135  65.772278 11.308
 41     4.834 53637.67995035 23.71  65.852995  65.775368 11.308
 41     4.138 53637.67995099 24.55  65.849845  65.778458 11.308
 41     3.429 53637.67995164 26.87  65.846705  65.781548 11.308
 41     2.978 53637.67995228 24.32  65.843555  65.784638 11.308
 41     2.406 53637.67995293 23.07  65.840405  65.787738 11.308
 41     2.031 53637.67995357 22.35  65.837257  65.790825 23.849
 41     2.079 53637.67995422 21.60  65.834117  65.793915 23.849
 41     3.325 53637.67995486 21.09  65.830967  65.797005 23.849
 41     4.780 53637.67995551 20.07  65.827817  65.800105 23.849
 42     3.579 53672.67996953 17.34  65.865521  65.769648  8.496
 42     2.472 53672.67997017 18.06  65.862381  65.772748  8.496
 42     2.337 53672.67997082 24.98  65.859231  65.775838  8.496
 42     2.219 53672.67997146 29.71  65.856091  65.778928  8.496
 42     2.206 53672.67997211 23.86  65.852951  65.782018  8.496
 42     2.124 53672.67997275 21.17  65.849801  65.785108  8.496
 42     1.892 53672.67997340 23.65  65.846661  65.788208  8.496
 42     2.106 53672.67997404 21.95  65.843507  65.791297  5.924
 42     1.964 53672.67997469 22.88  65.840367  65.794387  5.924
 42     1.790 53672.67997533 23.74  65.837217  65.797477  5.924
 42     1.706 53672.67997597 24.15  65.834067  65.800577  5.924
 42     4.062 53672.67997662 22.89  65.830917  65.803667  5.924
 43     5.343 53707.67990136 15.91  65.885787  65.774024  2.604
 43     5.135 53707.67990201 15.97  65.882647  65.777124  2.604
 43     4.864 53707.67990265 15.89  65.879507  65.780214  2.604
 43     1.882 53707.67990523 18.49  65.866927  65.792584  2.604
 43     1.636 53707.67990587 18.65  65.863789  65.795678  4.298
 43     1.574 53707.67990652 18.93  65.860639  65.798768  4.298
 43     1.663 53707.67990716 19.37  65.857489  65.801858  4.298
 43     1.537 53707.67990781 20.16  65.854349  65.804948  4.298
 43     1.651 53707.67990845 20.72  65.851199  65.808048  4.298
 43     1.721 53707.67990910 20.13  65.848049  65.811138  4.298
 43     1.810 53707.67990974 19.93  65.844899  65.814228  4.298
 43     1.852 53707.67991039 19.96  65.841749  65.817318  4.298
 43     1.754 53707.67991103 19.66  65.838599  65.820408  4.298
 43     1.619 53707.67991168 18.37  65.835449  65.823498  4.298
 44     5.131 53742.67981314 14.93  65.891558  65.776621  2.403
 44     2.114 53742.67981766 16.39  65.869559  65.798278  3.606
 44     2.118 53742.67981830 16.95  65.866409  65.801368  3.606
 44     2.152 53742.67981895 16.67  65.863269  65.804458  3.606
 44     2.203 53742.67981959 16.43  65.860119  65.807548  3.606
 44     2.088 53742.67982024 16.56  65.856969  65.810648  3.606
 44     2.219 53742.67982088 16.50  65.853819  65.813738  3.606
 44     2.097 53742.67982153 17.03  65.850679  65.816828  3.606
 44     2.526 53742.67982217 16.43  65.847529  65.819918  3.606
 44     4.093 53742.67982281 16.52  65.844379  65.823008  3.606
 44     3.940 53742.67982346 17.58  65.841229  65.826098  3.606
 44     4.987 53742.67982410 16.66  65.838069  65.829198  3.606
 44     5.154 53742.67982475 16.53  65.834919  65.832288  3.606
 45     5.435 53777.67983870 12.75  65.874028  65.771512  2.980
 45     5.221 53777.67983934 13.32  65.870878  65.774612  2.980
 45     4.978 53777.67983999 13.32  65.867738  65.777702  2.980
 45     4.517 53777.67984063 13.97  65.864598  65.780792  2.980
 45     3.210 53777.67984127 14.57  65.861448  65.783882  2.980
 45     2.743 53777.67984192 14.89  65.858308  65.786982  2.980
 45     2.494 53777.67984256 14.62  65.855158  65.790072  2.980
 45     2.004 53777.67984321 15.26  65.852014  65.793161  2.921
 45     2.035 53777.67984385 15.85  65.848864  65.796251  2.921
 45     2.236 53777.67984450 15.20  65.845714  65.799341  2.921
 45     2.520 53777.67984514 14.99  65.842564  65.802441  2.921
 45     3.414 53777.67984579 14.05  65.839414  65.805531  2.921
 45     3.046 53777.67984643 14.63  65.836264  65.808621  2.921
 46     6.669 53812.67981503  9.83  65.889861  65.774148  3.232
 46     6.542 53812.67981567 10.21  65.886721  65.777248  3.232
 46     1.970 53812.67981954 12.42  65.867873  65.795796  2.890
 46     2.202 53812.67982018 12.42  65.864723  65.798896  2.890
 46     3.024 53812.67982083 12.34  65.861583  65.801986  2.890
 46     4.598 53812.67982147 11.66  65.858433  65.805076  2.890
 46     4.562 53812.67982212 11.75  65.855283  65.808166  2.890
 46     4.863 53812.67982276 11.98  65.852133  65.811266  2.890
 46     4.606 53812.67982341 12.02  65.848983  65.814356  2.890
 46     4.693 53812.67982405 11.75  65.845843  65.817446  2.890
 46     4.349 53812.67982470 11.91  65.842693  65.820536  2.890
 46     4.705 53812.67982534 11.98  65.839543  65.823626  2.890
 46     5.145 53812.67982599 11.81  65.836383  65.826716  2.890
 46     5.907 53812.67982663 11.76  65.833233  65.829816  2.890
 47     5.377 53847.67986918  8.93  65.860434  65.769521  3.682
 47     5.105 53847.67986982  9.08  65.857284  65.772611  3.682
 47     4.894 53847.67987047  9.35  65.854144  65.775711  3.682
 47     3.949 53847.67987111 10.29  65.850994  65.778801  3.682
 47     3.784 53847.67987176 10.11  65.847854  65.781891  3.682
 47     3.250 53847.67987240 10.21  65.844704  65.784981  3.682
 47     2.487 53847.67987304 10.83  65.841564  65.788081  3.682
 47     2.191 53847.67987369 11.04  65.838408  65.791169  2.470
 47     3.533 53847.67987433 10.72  65.835268  65.794259  2.470
 47     4.291 53847.67987498 10.71  65.832118  65.797349  2.470
 47     4.978 53847.67987562  9.93  65.828968  65.800449  2.470
 49     6.393 53917.67995121 22.40  65.865023  65.770172 19.490
 49     6.166 53917.67995185 15.27  65.861883  65.773272 19.490
 49     5.914 53917.67995250 15.19  65.858733  65.776362 19.490
 49     6.055 53917.67995314 14.06  65.855593  65.779452 19.490
 49     6.035 53917.67995379 15.71  65.852453  65.782542 19.490
 49     5.682 53917.67995443 16.03  65.849303  65.785642 19.490
 49     6.271 53917.67995508 16.87  65.846163  65.788732 19.490
 49     6.299 53917.67995572 17.75  65.843011  65.791825 27.313
 49     6.450 53917.67995637 21.37  65.839871  65.794915 27.313
 49     6.626 53917.67995701 19.82  65.836721  65.798005 27.313
 49     6.692 53917.67995766 23.16  65.833571  65.801095 27.313
 49     6.677 53917.67995830 27.12  65.830421  65.804185 27.313
 50     6.282 53952.67995515 38.93  65.865854  65.770487 27.031
 50     6.607 53952.67995580 27.53  65.862714  65.773587 27.031
 50     5.790 53952.67995644 29.37  65.859574  65.776677 27.031
 50     5.291 53952.67995709 31.01  65.856424  65.779767 27.031
 50     4.776 53952.67995773 29.34  65.853284  65.782857 27.031
 50     4.161 53952.67995838 24.98  65.850134  65.785957 27.031
 50     3.290 53952.67995902 23.57  65.846994  65.789047 27.031
 50     2.306 53952.67995967 22.96  65.843847  65.792141 28.675
 50     5.378 53952.67996031 21.71  65.840697  65.795231 28.675
 50     5.817 53952.67996096 20.10  65.837557  65.798321 28.675
 50     6.354 53952.67996160 19.32  65.834407  65.801411 28.675
 50     5.803 53952.67996224 21.70  65.831257  65.804511 28.675
 52     4.382 54022.67993422 19.24  65.863446  65.770282  6.574
 52     2.010 54022.67993486 21.87  65.860306  65.773382  6.574
 52     3.954 54022.67993551 18.60  65.857166  65.776472  6.574
 52     3.555 54022.67993615 17.66  65.854016  65.779562  6.574
 52     3.085 54022.67993679 17.92  65.850876  65.782652  6.574
 52     2.710 54022.67993744 18.15  65.847726  65.785742  6.574
 52     2.661 54022.67993808 17.64  65.844576  65.788842  6.574
 52     3.321 54022.67993873 17.23  65.841435  65.791930 10.204
 52     4.114 54022.67993937 17.83  65.838285  65.795020 10.204
 52     4.570 54022.67994002 18.55  65.835135  65.798110 10.204
 52     4.707 54022.67994066 19.80  65.831985  65.801210 10.204
 53     4.626 54057.67992629 15.10  65.876751  65.772001  4.084
 53     2.836 54057.67992693 16.17  65.873601  65.775091  4.084
 53     2.880 54057.67992758 16.51  65.870461  65.778181  4.084
 53     3.164 54057.67992822 17.59  65.867321  65.781281  4.084
 53     2.983 54057.67992887 19.29  65.864171  65.784371  4.084
 53     2.894 54057.67992951 19.02  65.861031  65.787461  4.084
 53     2.733 54057.67993016 20.18  65.857881  65.790551  4.084
 53     2.723 54057.67993080 20.94  65.854731  65.793651  4.084
 53     2.660 54057.67993145 20.55  65.851583  65.796739  5.593
 53     2.497 54057.67993209 22.12  65.848443  65.799829  5.593
 53     2.626 54057.67993274 19.97  65.845293  65.802919  5.593
 53     2.905 54057.67993338 18.47  65.842143  65.806009  5.593
 53     2.844 54057.67993402 18.13  65.838993  65.809109  5.593
 53     3.002 54057.67993467 16.61  65.835843  65.812199  5.593
 54     5.705 54092.67990794 13.83  65.883162  65.772545  3.369
 54     5.460 54092.67990859 14.58  65.880022  65.775645  3.369
 54     4.820 54092.67990923 14.85  65.876882  65.778735  3.369
 54     4.619 54092.67990988 15.20  65.873742  65.781825  3.369
 54     3.385 54092.67991052 15.79  65.870602  65.784915  3.369
 54     3.142 54092.67991116 16.04  65.867452  65.788015  3.369
 54     2.971 54092.67991181 16.84  65.864312  65.791105  3.369
 54     3.045 54092.67991245 15.63  65.861165  65.794200  3.722
 54     3.090 54092.67991310 15.41  65.858015  65.797290  3.722
 54     2.945 54092.67991374 14.85  65.854875  65.800380  3.722
 54     2.954 54092.67991439 16.26  65.851725  65.803470  3.722
 54     2.967 54092.67991503 15.30  65.848575  65.806560  3.722
 54     3.029 54092.67991568 15.57  65.845435  65.809660  3.722
 54     2.929 54092.67991632 16.48  65.842285  65.812750  3.722
 54     3.291 54092.67991697 14.61  65.839135  65.815840  3.722
 54     3.609 54092.67991761 13.79  65.835985  65.818930  3.722
 55     6.571 54127.67984378 15.40  65.860493  65.769319  3.510
 55     6.010 54127.67984442 15.80  65.857353  65.772409  3.510
 55     5.472 54127.67984507 17.01  65.854203  65.775509  3.510
 55     4.766 54127.67984571 17.43  65.851063  65.778599  3.510
 55     4.376 54127.67984636 17.05  65.847913  65.781689  3.510
 55     3.668 54127.67984700 17.20  65.844773  65.784779  3.510
 55     3.141 54127.67984765 16.97  65.841623  65.787869  3.510
 55     2.964 54127.67984829 17.26  65.838474  65.790965  2.027
 55     3.059 54127.67984893 16.70  65.835324  65.794055  2.027
 55     4.431 54127.67984958 15.84  65.832174  65.797145  2.027
 55     5.688 54127.67985022 14.92  65.829024  65.800245  2.027
 56     6.910 54162.67987703 11.77  65.874531  65.770941  2.809
 56     6.351 54162.67987767 11.95  65.871391  65.774031  2.809
 56     6.053 54162.67987832 12.26  65.868251  65.777131  2.809
 56     5.641 54162.67987896 12.98  65.865101  65.780221  2.809
 56     4.963 54162.67987960 12.90  65.861961  65.783311  2.809
 56     4.423 54162.67988025 13.37  65.858811  65.786401  2.809
 56     3.841 54162.67988089 13.22  65.855671  65.789501  2.809
 56     3.202 54162.67988154 14.00  65.852521  65.792591  2.809
 56     3.656 54162.67988218 13.50  65.849382  65.795682  1.944
 56     4.152 54162.67988283 13.19  65.846232  65.798772  1.944
 56     4.941 54162.67988347 12.42  65.843082  65.801862  1.944
 56     5.346 54162.67988412 12.34  65.839932  65.804952  1.944
 56     5.919 54162.67988476 12.17  65.836782  65.808052  1.944
 56     6.315 54162.67988541 12.35  65.833632  65.811142  1.944
 57    19.932 54197.67984584  4.29  65.864748  65.768899  3.107
 57    22.187 54197.67984648  4.24  65.861608  65.771989  3.107
 57     6.904 54197.67984713  4.73  65.858468  65.775089  3.107
 57     5.750 54197.67984777  5.59  65.855318  65.778179  3.107
 57    24.489 54197.67984842  5.98  65.852178  65.781269  3.107
 57    26.533 54197.67984906  5.05  65.849028  65.784359  3.107
 57     5.402 54197.67984971  4.77  65.845888  65.787459  3.107
 57     6.013 54197.67985035  4.60  65.842736  65.790545  2.157
 57    27.936 54197.67985100  4.18  65.839586  65.793635  2.157
 57    27.046 54197.67985164  4.06  65.836446  65.796725  2.157
 57    26.509 54197.67985229  3.95  65.833296  65.799825  2.157
 57    30.155 54197.67985293  3.85  65.830146  65.802915  2.157
 58     6.463 54232.67989067 30.95  65.869536  65.770692 17.111
 58     6.837 54232.67989131 32.10  65.866386  65.773792 17.111
 58     6.527 54232.67989196 33.28  65.863246  65.776882 17.111
 58     6.500 54232.67989260 26.18  65.860106  65.779972 17.111
 58     6.446 54232.67989325 27.43  65.856956  65.783062 17.111
 58     6.627 54232.67989389 28.17  65.853816  65.786162 17.111
 58     6.517 54232.67989453 23.53  65.850666  65.789252 17.111
 58     6.447 54232.67989518 29.29  65.847521  65.792343 16.942
 58     6.471 54232.67989582 36.77  65.844371  65.795433 16.942
 58     6.900 54232.67989647 35.31  65.841221  65.798523 16.942
 58     6.526 54232.67989711 24.84  65.838071  65.801613 16.942
 58     6.179 54232.67989776 25.30  65.834931  65.804713 16.942
 58     6.357 54232.67989840 27.48  65.831771  65.807803 16.942
 59     7.438 54267.67990925 22.42  65.872453  65.771741 17.766
 59     6.946 54267.67990990 21.38  65.869313  65.774831 17.766
 59     7.011 54267.67991054 21.64  65.866163  65.777931 17.766
 59     7.018 54267.67991119 18.62  65.863023  65.781021 17.766
 59     6.693 54267.67991183 19.09  65.859873  65.784111 17.766
 59     5.925 54267.67991248 19.52  65.856733  65.787201 17.766
 59     5.672 54267.67991312 21.12  65.853583  65.790301 17.766
 59     6.183 54267.67991377 22.22  65.850443  65.793391 17.766
 59     6.476 54267.67991441 23.14  65.847290  65.796483 35.662
 59     6.840 54267.67991506 23.33  65.844150  65.799573 35.662
 59     7.080 54267.67991570 23.29  65.841000  65.802663 35.662
 59     7.260 54267.67991634 24.92  65.837850  65.805753 35.662
 59     7.393 54267.67991699 27.27  65.834700  65.808853 35.662
 60     8.151 54302.67991315 26.12  65.873329  65.771525 19.994
 60     7.107 54302.67991379 25.59  65.870189  65.774625 19.994
 60     7.028 54302.67991444 29.64  65.867039  65.777715 19.994
 60     6.993 54302.67991508 25.56  65.863899  65.780805 19.994
 60     6.927 54302.67991573 21.70  65.860759  65.783895 19.994
 60     6.338 54302.67991637 21.99  65.857609  65.786995 19.994
 60     5.815 54302.67991701 20.97  65.854469  65.790085 19.994
 60     5.927 54302.67991766 21.43  65.851313  65.793176 29.049
 60     6.649 54302.67991830 21.92  65.848173  65.796266 29.049
 60     6.895 54302.67991895 23.75  65.845023  65.799356 29.049
 60     7.204 54302.67991959 24.90  65.841873  65.802446 29.049
 60     7.263 54302.67992024 27.77  65.838723  65.805546 29.049
 60     7.475 54302.67992088 29.59  65.835573  65.808636 29.049
 61     7.313 54337.67989922 23.07  65.877665  65.772113 20.314
 61     7.073 54337.67989986 20.72  65.874525  65.775213 20.314
 61     7.196 54337.67990051 17.66  65.871385  65.778303 20.314
 61     7.304 54337.67990115 17.15  65.868235  65.781393 20.314
 61     7.042 54337.67990180 18.19  65.865095  65.784483 20.314
 61     4.636 54337.67990244 19.13  65.861945  65.787583 20.314
 61     5.925 54337.67990308 18.58  65.858805  65.790673 20.314
 61     5.642 54337.67990373 19.38  65.855661  65.793766 28.309
 61     6.158 54337.67990437 20.46  65.852511  65.796856 28.309
 61     6.432 54337.67990502 22.24  65.849371  65.799946 28.309
 61     6.761 54337.67990566 25.02  65.846221  65.803036 28.309
 61     6.926 54337.67990631 26.44  65.843071  65.806136 28.309
 61     6.913 54337.67990695 29.91  65.839921  65.809226 28.309
 61     7.176 54337.67990760 33.41  65.836771  65.812316 28.309
 62     5.375 54372.67984633 38.98  65.866301  65.771329 13.456
 62     5.272 54372.67984697 36.71  65.863161  65.774419 13.456
 62     4.955 54372.67984762 32.07  65.860021  65.777519 13.456
 62     4.554 54372.67984826 26.61  65.856871  65.780609 13.456
 62     3.956 54372.67984891 27.13  65.853731  65.783699 13.456
 62     3.501 54372.67984955 24.60  65.850581  65.786789 13.456
 62     3.101 54372.67985019 22.70  65.847441  65.789889 13.456
 62     4.007 54372.67985084 21.23  65.844285  65.792977 18.745
 62     5.501 54372.67985148 19.82  65.841145  65.796067 18.745
 62     5.814 54372.67985213 19.68  65.837995  65.799157 18.745
 62     6.115 54372.67985277 20.05  65.834845  65.802257 18.745
 62     6.105 54372.67985342 23.83  65.831695  65.805347 18.745
 63     5.304 54407.67984439 44.64  65.874205  65.771321 19.655
 63     5.287 54407.67984504 44.25  65.871065  65.774421 19.655
 63     5.394 54407.67984568 36.31  65.867925  65.777511 19.655
 63     2.883 54407.67984633 49.38  65.864775  65.780601 19.655
 63     2.849 54407.67984697 52.09  65.861635  65.783691 19.655
 63     3.011 54407.67984762 48.88  65.858485  65.786791 19.655
 63     2.923 54407.67984826 51.96  65.855345  65.789881 19.655
 63     2.962 54407.67984890 45.08  65.852197  65.792972 26.363
 63     2.872 54407.67984955 53.54  65.849047  65.796062 26.363
 63     2.797 54407.67985019 52.43  65.845907  65.799152 26.363
 63     2.864 54407.67985084 51.49  65.842757  65.802252 26.363
 63     2.807 54407.67985148 52.75  65.839607  65.805342 26.363
 63     2.787 54407.67985213 52.02  65.836457  65.808432 26.363
 64     1.157 54442.67980578 19.57  65.861614  65.766950  4.321
 64     1.679 54442.67980642 20.12  65.858474  65.770040  4.321
 64     1.931 54442.67980707 20.88  65.855334  65.773130  4.321
 64     1.931 54442.67980771 21.52  65.852184  65.776230  4.321
 64     1.922 54442.67980836 22.56  65.849044  65.779320  4.321
 64     1.868 54442.67980900 24.51  65.845894  65.782410  4.321
 64     1.886 54442.67980965 24.14  65.842744  65.785500  4.321
 64     1.982 54442.67981029 23.67  65.839604  65.788590  4.321
 64     1.963 54442.67981094 23.77  65.836449  65.791684  3.974
 64     2.014 54442.67981158 22.61  65.833299  65.794774  3.974
 64     1.833 54442.67981223 22.15  65.830159  65.797864  3.974
 65     5.211 54477.67983345 12.06  65.872774  65.771906  2.459
 65     5.081 54477.67983410 12.08  65.869634  65.775006  2.459
 65     2.446 54477.67983474 13.34  65.866484  65.778096  2.459
 65     2.244 54477.67983539 13.86  65.863344  65.781186  2.459
 65     2.476 54477.67983603 14.32  65.860194  65.784276  2.459
 65     2.564 54477.67983668 13.91  65.857054  65.787376  2.459
 65     2.158 54477.67983732 15.38  65.853904  65.790466  2.459
 65     2.150 54477.67983797 16.38  65.850756  65.793557  3.621
 65     2.150 54477.67983861 15.56  65.847616  65.796647  3.621
 65     2.625 54477.67983926 15.52  65.844466  65.799737  3.621
 65     3.408 54477.67983990 15.30  65.841316  65.802827  3.621
 65     3.682 54477.67984054 14.91  65.838166  65.805927  3.621
 65     3.024 54477.67984119 15.58  65.835016  65.809017  3.621
 66     5.675 54512.67982134 11.07  65.862511  65.768810  3.233
 66     5.085 54512.67982198 11.54  65.859371  65.771900  3.233
 66     4.722 54512.67982263 12.00  65.856231  65.774990  3.233
 66     4.499 54512.67982327 12.71  65.853081  65.778080  3.233
 66     3.181 54512.67982391 13.10  65.849941  65.781180  3.233
 66     3.200 54512.67982456 13.51  65.846787  65.784267  3.173
 66     2.069 54512.67982520 14.45  65.843647  65.787357  3.173
 66     2.143 54512.67982585 14.11  65.840497  65.790447  3.173
 66     3.326 54512.67982649 14.11  65.837347  65.793547  3.173
 66     3.931 54512.67982714 14.19  65.834197  65.796637  3.173
 66     4.645 54512.67982778 13.72  65.831047  65.799727  3.173
 67     5.634 54547.67984712  9.34  65.877528  65.771338  3.390
 67     5.403 54547.67984777  9.47  65.874378  65.774428  3.390
 67     4.675 54547.67984841 10.03  65.871238  65.777518  3.390
 67     4.086 54547.67984906 10.20  65.868098  65.780618  3.390
 67     3.749 54547.67984970 10.59  65.864958  65.783708  3.390
 67     3.274 54547.67985035 11.64  65.861805  65.786803  2.924
 67     3.099 54547.67985099 11.95  65.858665  65.789893  2.924
 67     2.178 54547.67985164 12.82  65.855515  65.792983  2.924
 67     2.130 54547.67985228 13.46  65.852375  65.796073  2.924
 67     1.908 54547.67985292 13.70  65.849225  65.799163  2.924
 67     3.424 54547.67985357 12.64  65.846075  65.802263  2.924
 67     4.231 54547.67985421 12.10  65.842935  65.805353  2.924
 67     3.547 54547.67985486 12.71  65.839785  65.808443  2.924
 67     4.317 54547.67985550 12.33  65.836635  65.811533  2.924
 68     5.761 54582.67981741  8.16  65.871259  65.771327  4.377
 68     5.363 54582.67981805  8.65  65.868119  65.774417  4.377
 68     4.531 54582.67981869  9.41  65.864969  65.777507  4.377
 68     2.459 54582.67981934 10.27  65.861829  65.780607  4.377
 68     2.801 54582.67981998 10.88  65.858679  65.783697  4.377
 68     2.388 54582.67982063 11.37  65.855543  65.786790  4.118
 68     2.255 54582.67982127 12.25  65.852393  65.789880  4.118
 68     2.066 54582.67982192 13.00  65.849243  65.792970  4.118
 68     2.092 54582.67982256 12.68  65.846103  65.796060  4.118
 68     2.236 54582.67982321 11.74  65.842953  65.799160  4.118
 68     2.256 54582.67982385 11.95  65.839803  65.802250  4.118
 68     2.086 54582.67982450 11.50  65.836653  65.805340  4.118
 68     2.268 54582.67982514 11.20  65.833503  65.808430  4.118
 69     7.042 54617.67983818 26.33  65.871299  65.772234 20.526
 69     6.542 54617.67983882 23.15  65.868159  65.775324 20.526
 69     6.628 54617.67983947 22.89  65.865009  65.778414 20.526
 69     6.627 54617.67984011 21.29  65.861869  65.781514 20.526
 69     6.525 54617.67984076 20.72  65.858719  65.784604 20.526
 69     6.074 54617.67984140 20.54  65.855574  65.787698 27.939
 69     5.892 54617.67984204 21.17  65.852434  65.790788 27.939
 69     6.284 54617.67984269 20.28  65.849284  65.793878 27.939
 69     6.671 54617.67984333 20.77  65.846134  65.796968 27.939
 69     6.670 54617.67984398 22.29  65.842994  65.800068 27.939
 69     6.616 54617.67984462 27.97  65.839844  65.803158 27.939
 69     6.878 54617.67984527 27.28  65.836694  65.806248 27.939
 69     7.178 54617.67984591 31.19  65.833544  65.809338 27.939
 70     7.028 54652.67985004 22.82  65.871071  65.770722 21.766
 70     6.195 54652.67985069 19.93  65.867931  65.773812 21.766
 70     6.430 54652.67985133 21.26  65.864791  65.776902 21.766
 70     6.566 54652.67985198 18.84  65.861641  65.780002 21.766
 70     6.643 54652.67985262 18.92  65.858501  65.783092 21.766
 70     6.203 54652.67985326 19.30  65.855355  65.786185 28.769
 70     5.410 54652.67985391 18.94  65.852205  65.789275 28.769
 70     6.162 54652.67985455 19.24  65.849065  65.792365 28.769
 70     6.348 54652.67985520 19.74  65.845915  65.795455 28.769
 70     6.355 54652.67985584 21.50  65.842765  65.798555 28.769
 70     6.467 54652.67985649 24.38  65.839625  65.801645 28.769
 70     6.656 54652.67985713 26.26  65.836475  65.804735 28.769
 70     6.919 54652.67985778 28.47  65.833325  65.807825 28.769
 71     5.468 54687.67983993 37.22  65.878804  65.770495 19.380
 71     5.369 54687.67984058 39.31  65.875664  65.773585 19.380
 71     5.291 54687.67984122 38.98  65.872524  65.776675 19.380
 71     5.241 54687.67984187 37.43  65.869384  65.779775 19.380
 71     4.646 54687.67984251 36.70  65.866234  65.782865 19.380
 71     4.320 54687.67984316 33.63  65.863094  65.785955 19.380
 71     3.800 54687.67984380 29.24  65.859952  65.789050 17.003
 71     2.743 54687.67984444 26.58  65.856802  65.792140 17.003
 71     2.251 54687.67984509 24.96  65.853662  65.795230 17.003
 71     5.108 54687.67984573 21.55  65.850512  65.798320 17.003
 71     5.680 54687.67984638 20.52  65.847362  65.801410 17.003
 71     5.595 54687.67984702 21.95  65.844222  65.804510 17.003
 71     5.541 54687.67984767 25.81  65.841072  65.807600 17.003
 71     5.573 54687.67984831 29.02  65.837922  65.810690 17.003
 71     5.896 54687.67984896 29.61  65.834772  65.813780 17.003
 72     5.100 54722.67979724 33.79  65.861079  65.769779 13.664
 72     4.905 54722.67979788 32.72  65.857939  65.772869 13.664
 72     4.510 54722.67979853 31.72  65.854789  65.775959 13.664
 72     4.132 54722.67979917 31.68  65.851649  65.779049 13.664
 72     3.650 54722.67979982 28.78  65.848499  65.782149 13.664
 72     3.302 54722.67980046 26.99  65.845358  65.785238 20.589
 72     3.038 54722.67980111 25.73  65.842208  65.788328 20.589
 72     3.008 54722.67980175 24.54  65.839058  65.791418 20.589
 72     3.247 54722.67980239 24.51  65.835908  65.794508 20.589
 72     3.447 54722.67980304 38.47  65.832758  65.797608 20.589
 72     4.387 54722.67980368 40.28  65.829608  65.800698 20.589
 73     4.367 54757.67981556 23.28  65.873486  65.771359 13.512
 73     2.789 54757.67981621 24.36  65.870346  65.774449 13.512
 73     3.163 54757.67981685 26.96  65.867206  65.777539 13.512
 73     2.736 54757.67981750 33.20  65.864056  65.780639 13.512
 73     2.715 54757.67981814 27.55  65.860916  65.783729 13.512
 73     2.757 54757.67981878 23.60  65.857774  65.786822 14.909
 73     2.764 54757.67981943 22.70  65.854624  65.789912 14.909
 73     2.621 54757.67982007 22.81  65.851484  65.793002 14.909
 73     2.683 54757.67982072 22.19  65.848334  65.796092 14.909
 73     2.816 54757.67982136 23.79  65.845184  65.799192 14.909
 73     3.588 54757.67982201 21.58  65.842044  65.802282 14.909
 73     4.118 54757.67982265 20.70  65.838894  65.805372 14.909
 73     4.587 54757.67982330 21.46  65.835744  65.808462 14.909
 74     2.650 54792.67979020 24.72  65.859852  65.767971  7.410
 74     2.820 54792.67979084 27.11  65.856712  65.771061  7.410
 74     3.113 54792.67979149 30.45  65.853572  65.774151  7.410
 74     2.960 54792.67979213 35.28  65.850422  65.777241  7.410
 74     3.085 54792.67979278 33.15  65.847282  65.780331  7.410
 74     3.006 54792.67979342 32.84  65.844129  65.783427  8.247
 74     2.717 54792.67979407 31.49  65.840989  65.786517  8.247
 74     2.590 54792.67979471 31.15  65.837839  65.789607  8.247
 74     2.707 54792.67979536 30.25  65.834689  65.792707  8.247
 74     2.637 54792.67979600 29.49  65.831539  65.795797  8.247
 74     2.330 54792.67979665 28.97  65.828389  65.798887  8.247
 75     4.965 54827.67981364  9.70  65.870086  65.771044  3.740
 75     4.754 54827.67981429 10.32  65.866946  65.774134  3.740
 75     4.497 54827.67981493 10.50  65.863796  65.777224  3.740
 75     3.127 54827.67981558 11.47  65.860656  65.780324  3.740
 75     3.073 54827.67981622 12.16  65.857516  65.783414  3.740
 75     2.944 54827.67981687 12.95  65.854362  65.786506  3.036
 75     2.752 54827.67981751 12.73  65.851222  65.789596  3.036
 75     2.639 54827.67981815 13.46  65.848072  65.792686  3.036
 75     3.047 54827.67981880 12.87  65.844932  65.795776  3.036
 75     3.507 54827.67981944 12.41  65.841782  65.798866  3.036
 75     3.665 54827.67982009 12.39  65.838632  65.801966  3.036
 75     4.473 54827.67982073 12.17  65.835482  65.805056  3.036
 75     4.752 54827.67982138 12.43  65.832332  65.808146  3.036
 76     5.514 54862.67978445  9.46  65.863897  65.769689  3.787
 76     5.245 54862.67978510  9.80  65.860757  65.772779  3.787
 76     4.682 54862.67978574 10.32  65.857617  65.775869  3.787
 76     3.982 54862.67978639 10.84  65.854467  65.778959  3.787
 76     3.453 54862.67978703 11.15  65.851327  65.782059  3.787
 76     3.088 54862.67978767 11.70  65.848176  65.785148  2.414
 76     2.953 54862.67978832 11.99  65.845036  65.788238  2.414
 76     2.905 54862.67978896 11.69  65.841886  65.791328  2.414
 76     3.801 54862.67978961 12.18  65.838736  65.794428  2.414
 76     4.694 54862.67979025 11.16  65.835586  65.797518  2.414
 76     5.258 54862.67979090 11.14  65.832436  65.800608  2.414
 77     5.968 54897.67981335  9.46  65.875709  65.770522  3.595
 77     5.690 54897.67981400  9.74  65.872559  65.773612  3.595
 77     5.255 54897.67981464  9.73  65.869419  65.776702  3.595
 77     4.796 54897.67981529  9.86  65.866279  65.779802  3.595
 77     4.172 54897.67981593 10.05  65.863139  65.782892  3.595
 77     3.610 54897.67981658 10.41  65.859988  65.785985  2.397
 77     3.465 54897.67981722 10.93  65.856848  65.789075  2.397
 77     3.222 54897.67981787 11.10  65.853698  65.792165  2.397
 77     2.558 54897.67981851 11.71  65.850558  65.795255  2.397
 77     3.101 54897.67981915 11.65  65.847408  65.798355  2.397
 77     3.504 54897.67981980 11.41  65.844258  65.801445  2.397
 77     4.395 54897.67982044 11.54  65.841108  65.804535  2.397
 77     4.429 54897.67982109 11.29  65.837968  65.807625  2.397
 77     4.146 54897.67982173 11.60  65.834818  65.810715  2.397
 78     6.116 54932.67977980 11.22  65.865740  65.769113  3.586
 78     6.100 54932.67978045 10.91  65.862600  65.772203  3.586
 78     5.550 54932.67978109 11.34  65.859450  65.775293  3.586
 78     5.131 54932.67978174 12.38  65.856310  65.778393  3.586
 78     4.423 54932.67978238 11.94  65.853160  65.781483  3.586
 78     4.175 54932.67978303 11.84  65.850020  65.784574  1.998
 78     3.818 54932.67978367 12.67  65.846870  65.787664  1.998
 78     3.203 54932.67978432 12.62  65.843720  65.790754  1.998
 78     3.916 54932.67978496 12.36  65.840580  65.793844  1.998
 78     4.745 54932.67978560 12.44  65.837430  65.796944  1.998
 78     5.117 54932.67978625 12.37  65.834280  65.800034  1.998
 78     5.755 54932.67978689 12.16  65.831130  65.803124  1.998
 79     5.537 54967.67981487 27.24  65.871393  65.771617 12.027
 79     5.707 54967.67981616 34.62  65.865103  65.777807 12.027
 79     5.732 54967.67981681 37.37  65.861963  65.780897 12.027
 79     6.093 54967.67981745 35.10  65.858823  65.783987 12.027
 79     5.343 54967.67981810 40.74  65.855671  65.787082 24.066
 79     6.079 54967.67981874 33.69  65.852531  65.790172 24.066
 79     5.722 54967.67981939 36.81  65.849381  65.793262 24.066
 79     5.259 54967.67982003 31.79  65.846231  65.796352 24.066
 79     5.235 54967.67982068 25.33  65.843091  65.799452 24.066
 79     5.186 54967.67982132 24.13  65.839941  65.802542 24.066
 79     5.339 54967.67982197 27.38  65.836791  65.805632 24.066
 79     5.281 54967.67982261 38.01  65.833641  65.808722 24.066
 80     7.330 55002.67983449 21.99  65.869336  65.770587 18.622
 80     6.767 55002.67983513 18.98  65.866196  65.773677 18.622
 80     6.798 55002.67983578 16.82  65.863056  65.776767 18.622
 80     6.531 55002.67983642 17.99  65.859906  65.779867 18.622
 80     6.668 55002.67983707 17.50  65.856766  65.782957 18.622
 80     6.243 55002.67983771 18.41  65.853620  65.786051 30.005
 80     5.799 55002.67983836 19.06  65.850480  65.789141 30.005
 80     6.099 55002.67983900 20.42  65.847330  65.792231 30.005
 80     6.498 55002.67983965 21.29  65.844180  65.795321 30.005
 80     6.756 55002.67984029 22.92  65.841030  65.798421 30.005
 80     6.844 55002.67984093 24.55  65.837890  65.801511 30.005
 80     7.083 55002.67984158 27.71  65.834740  65.804601 30.005
 81     6.376 55037.67982112 50.13  65.873302  65.771471 19.911
 81     6.311 55037.67982177 50.28  65.870162  65.774561 19.911
 81     6.360 55037.67982241 49.32  65.867022  65.777651 19.911
 81     6.130 55037.67982306 46.07  65.863872  65.780751 19.911
 81     6.518 55037.67982370 41.07  65.860732  65.783841 19.911
 81     6.054 55037.67982435 41.10  65.857584  65.786934 28.458
 81     6.047 55037.67982499 41.48  65.854444  65.790024 28.458
 81     5.898 55037.67982564 39.22  65.851294  65.793114 28.458
 81     5.836 55037.67982628 40.18  65.848144  65.796204 28.458
 81     6.060 55037.67982693 43.65  65.844994  65.799304 28.458
 81     6.061 55037.67982757 47.26  65.841854  65.802394 28.458
 81     5.920 55037.67982822 49.55  65.838704  65.805484 28.458
 81     6.081 55037.67982886 41.58  65.835554  65.808574 28.458
 82     5.239 55072.67980752 27.94  65.878136  65.772619 11.449
 82     5.296 55072.67980817 29.20  65.874986  65.775709 11.449
 82     5.036 55072.67980881 26.46  65.871846  65.778809 11.449
 82     4.711 55072.67980946 25.75  65.868706  65.781899 11.449
 82     4.181 55072.67981010 23.97  65.865566  65.784989 11.449
 82     3.759 55072.67981075 22.07  65.862412  65.788087 18.753
 82     3.321 55072.67981139 21.54  65.859272  65.791177 18.753
 82     3.274 55072.67981204 20.84  65.856122  65.794267 18.753
 82     3.713 55072.67981268 19.20  65.852982  65.797357 18.753
 82     5.583 55072.67981332 17.33  65.849832  65.800447 18.753
 82     5.685 55072.67981397 17.16  65.846682  65.803547 18.753
 82     5.425 55072.67981461 17.99  65.843542  65.806637 18.753
 82     5.166 55072.67981526 20.15  65.840392  65.809727 18.753
 82     5.426 55072.67981590 20.09  65.837242  65.812817 18.753
 83     5.397 55107.67975316 40.00  65.862847  65.769087 16.607
 83     5.450 55107.67975381 37.66  65.859697  65.772177 16.607
 83     5.093 55107.67975445 33.84  65.856557  65.775267 16.607
 83     4.683 55107.67975510 31.44  65.853407  65.778357 16.607
 83     4.073 55107.67975574 29.61  65.850267  65.781457 16.607
 83     3.560 55107.67975639 28.86  65.847118  65.784546 17.097
 83     2.754 55107.67975703 26.68  65.843978  65.787636 17.097
 83     2.094 55107.67975768 24.93  65.840828  65.790726 17.097
 83     2.436 55107.67975832 23.61  65.837678  65.793826 17.097
 83     2.883 55107.67975897 23.28  65.834528  65.796916 17.097
 83     6.164 55107.67975961 24.74  65.831378  65.800006 17.097
 84     1.832 55142.67975797 22.16  65.875382  65.770185  9.906
 84     2.367 55142.67975861 23.25  65.872232  65.773275  9.906
 84     2.593 55142.67975925 25.56  65.869092  65.776365  9.906
 84     2.818 55142.67975990 29.38  65.865952  65.779465  9.906
 84     2.898 55142.67976054 30.86  65.862812  65.782555  9.906
 84     2.655 55142.67976119 34.07  65.859660  65.785648 22.012
 84     2.704 55142.67976183 35.07  65.856520  65.788738 22.012
 84     2.667 55142.67976248 33.00  65.853370  65.791828 22.012
 84     2.611 55142.67976312 33.65  65.850230  65.794918 22.012
 84     2.780 55142.67976377 40.32  65.847080  65.798018 22.012
 84     2.693 55142.67976441 44.40  65.843930  65.801108 22.012
 84     2.724 55142.67976506 46.02  65.840780  65.804198 22.012
 84     2.616 55142.67976570 43.36  65.837630  65.807288 22.012
 84     2.632 55142.67976635 42.09  65.834490  65.810378 22.012
 85     1.710 55177.67972467 14.27  65.860799  65.768484  3.738
 85     2.220 55177.67972531 14.84  65.857659  65.771574  3.738
 85     2.256 55177.67972596 15.46  65.854509  65.774664  3.738
 85     2.506 55177.67972660 15.95  65.851369  65.777754  3.738
 85     2.459 55177.67972725 16.76  65.848219  65.780854  3.738
 85     2.294 55177.67972789 18.05  65.845081  65.783941  3.263
 85     2.277 55177.67972854 18.57  65.841931  65.787031  3.263
 85     2.266 55177.67972918 18.97  65.838781  65.790121  3.263
 85     2.916 55177.67972983 17.61  65.835631  65.793221  3.263
 85     3.961 55177.67973047 17.60  65.832481  65.796311  3.263
 85     4.632 55177.67973112 16.84  65.829331  65.799401  3.263
 86     4.840 55212.67975295 11.27  65.872328  65.771477  3.026
 86     3.248 55212.67975360 11.79  65.869188  65.774567  3.026
 86     2.535 55212.67975424 11.80  65.866048  65.777657  3.026
 86     2.655 55212.67975489 12.53  65.862898  65.780757  3.026
 86     2.863 55212.67975553 13.42  65.859758  65.783847  3.026
 86     2.533 55212.67975618 14.10  65.856611  65.786940  3.252
 86     2.223 55212.67975682 15.26  65.853471  65.790030  3.252
 86     1.975 55212.67975747 16.08  65.850321  65.793120  3.252
 86     2.384 55212.67975811 15.15  65.847171  65.796210  3.252
 86     3.249 55212.67975875 14.36  65.844021  65.799310  3.252
 86     3.506 55212.67975940 15.13  65.840881  65.802400  3.252
 86     3.961 55212.67976004 14.53  65.837731  65.805490  3.252
 86     4.332 55212.67976069 14.48  65.834581  65.808580  3.252
 87     5.413 55247.67972623  9.99  65.866341  65.769725  3.399
 87     4.901 55247.67972688 10.53  65.863201  65.772815  3.399
 87     2.348 55247.67972752 11.27  65.860051  65.775905  3.399
 87     2.255 55247.67972817 11.79  65.856911  65.778995  3.399
 87     2.697 55247.67972881 11.87  65.853761  65.782095  3.399
 87     2.506 55247.67972945 13.03  65.850620  65.785183  2.637
 87     2.407 55247.67973010 13.38  65.847470  65.788273  2.637
 87     2.364 55247.67973074 13.91  65.844320  65.791363  2.637
 87     3.019 55247.67973139 12.87  65.841180  65.794453  2.637
 87     3.833 55247.67973203 12.92  65.838030  65.797553  2.637
 87     4.627 55247.67973268 13.20  65.834880  65.800643  2.637
 87     4.989 55247.67973332 13.12  65.831730  65.803733  2.637
 88     5.767 55282.67974654  9.92  65.876592  65.770921  3.658
 88     5.584 55282.67974718  9.80  65.873442  65.774011  3.658
 88     5.368 55282.67974783 10.30  65.870302  65.777101  3.658
 88     4.695 55282.67974847 10.89  65.867162  65.780201  3.658
 88     3.721 55282.67974912 11.47  65.864022  65.783291  3.658
 88     3.135 55282.67974976 11.65  65.860871  65.786386  2.527
 88     3.048 55282.67975041 11.92  65.857731  65.789476  2.527
 88     3.170 55282.67975105 12.14  65.854581  65.792566  2.527
 88     2.517 55282.67975170 12.67  65.851441  65.795656  2.527
 88     2.764 55282.67975234 12.77  65.848291  65.798746  2.527
 88     2.588 55282.67975299 12.81  65.845141  65.801846  2.527
 88     3.938 55282.67975363 12.65  65.841991  65.804936  2.527
 88     4.689 55282.67975428 12.36  65.838851  65.808026  2.527
 88     4.794 55282.67975492 12.47  65.835701  65.811116  2.527
 89     4.817 55317.67971613 25.14  65.871313  65.771446 19.272
 89     3.265 55317.67971678 26.68  65.868173  65.774536 19.272
 89     3.335 55317.67971742 34.77  65.865033  65.777636 19.272
 89     3.102 55317.67971807 41.41  65.861883  65.780726 19.272
 89     3.096 55317.67971871 35.47  65.858743  65.783816 19.272
 89     2.922 55317.67971936 40.55  65.855595  65.786912 26.756
 89     3.139 55317.67972000 36.64  65.852455  65.790002 26.756
 89     2.993 55317.67972065 38.79  65.849305  65.793092 26.756
 89     3.065 55317.67972129 32.49  65.846155  65.796182 26.756
 89     2.837 55317.67972194 29.43  65.843005  65.799272 26.756
 89     2.924 55317.67972258 27.17  65.839865  65.802372 26.756
 89     3.035 55317.67972323 31.35  65.836715  65.805462 26.756
 89     2.906 55317.67972387 36.92  65.833565  65.808552 26.756
 90     6.680 55352.67971925 20.63  65.875080  65.772195 18.602
 90     6.505 55352.67971990 18.87  65.871940  65.775285 18.602
 90     6.640 55352.67972054 20.08  65.868800  65.778375 18.602
 90     6.416 55352.67972119 20.22  65.865660  65.781475 18.602
 90     6.391 55352.67972183 17.96  65.862510  65.784565 18.602
 90     6.396 55352.67972248 17.54  65.859368  65.787660 26.399
 90     6.467 55352.67972312 17.34  65.856218  65.790750 26.399
 90     6.495 55352.67972377 16.48  65.853078  65.793840 26.399
 90     6.466 55352.67972441 17.46  65.849928  65.796930 26.399
 90     6.343 55352.67972505 18.05  65.846778  65.800020 26.399
 90     6.151 55352.67972570 20.24  65.843628  65.803120 26.399
 90     6.236 55352.67972634 23.00  65.840488  65.806210 26.399
 90     6.583 55352.67972699 23.57  65.837338  65.809300 26.399
 90     6.584 55352.67972763 31.39  65.834188  65.812390 26.399
 91     6.146 55387.67971653 29.22  65.858282  65.773268 20.391
 91     5.994 55387.67971717 34.37  65.855142  65.776358 20.391
 91     5.684 55387.67971782 30.52  65.851992  65.779448 20.391
 91     5.125 55387.67971846 30.68  65.848852  65.782548 20.391
 91     4.339 55387.67971911 28.74  65.845700  65.785637 30.662
 91     4.192 55387.67971975 26.66  65.842560  65.788727 30.662
 91     3.393 55387.67972040 25.46  65.839410  65.791817 30.662
 91     5.664 55387.67972104 24.97  65.836260  65.794917 30.662
 91     6.220 55387.67972169 22.39  65.833110  65.798007 30.662
 91     6.187 55387.67972233 36.93  65.829960  65.801097 30.662
 92     5.401 55422.67973844 24.82  65.866851  65.778211 21.565
 92     5.144 55422.67973908 23.35  65.863701  65.781311 21.565
 92     4.802 55422.67973973 27.27  65.860561  65.784401 21.565
 92     4.409 55422.67974037 20.93  65.857412  65.787495 30.206
 92     4.637 55422.67974102 21.95  65.854272  65.790585 30.206
 92     4.931 55422.67974166 22.10  65.851122  65.793675 30.206
 92     5.332 55422.67974231 22.29  65.847972  65.796765 30.206
 92     5.476 55422.67974295 22.95  65.844822  65.799865 30.206
 92     5.535 55422.67974360 22.28  65.841682  65.802955 30.206
 92     5.466 55422.67974424 24.70  65.838532  65.806045 30.206
 92     5.626 55422.67974489 28.95  65.835382  65.809135 30.206
 93     5.382 55457.67971007 33.26  65.879478  65.773090 16.047
 93     5.484 55457.67971072 33.61  65.876338  65.776180 16.047
 93     5.282 55457.67971136 29.53  65.873198  65.779280 16.047
 93     3.131 55457.67971201 34.64  65.870058  65.782370 16.047
 93     4.125 55457.67971265 25.22  65.866918  65.785460 16.047
 93     3.358 55457.67971329 23.35  65.863766  65.788547 16.310
 93     3.141 55457.67971394 22.44  65.860626  65.791647 16.310
 93     3.008 55457.67971458 21.73  65.857476  65.794737 16.310
 93     4.114 55457.67971523 19.35  65.854336  65.797827 16.310
 93     3.964 55457.67971587 19.54  65.851186  65.800917 16.310
 93     4.376 55457.67971652 18.01  65.848036  65.804017 16.310
 93     4.388 55457.67971716 21.57  65.844886  65.807107 16.310
 93     4.619 55457.67971781 22.31  65.841736  65.810197 16.310
 93     4.764 55457.67971845 23.61  65.838586  65.813287 16.310
