# NaN NaN NaN ;Mean Elev.(m), Avg Gradient(m/km), RMS Gradient(m/km) - SRTM1     
#    6.073  -0.248   1.692 ;Mean Elev.(m), Avg Gradient(m/km), RMS Gradient(m/km) - ASTER GDEM
#    0.000  -0.178   4.559 ;Mean Elev.(m), Avg Gradient(m/km), RMS Gradient(m/km) - GMTED2010 
  6     3.103 52419.66609582 48.09  69.830528  66.775830 42.362
  6     2.875 52419.66609646 34.05  69.827148  66.778910 42.362
  6     2.817 52419.66609711 37.50  69.823758  66.781980 42.362
  6     2.787 52419.66609775 36.81  69.820378  66.785050 42.362
  7     2.466 52454.66612025 22.67  69.837542  66.775358 29.142
  7     2.063 52454.66612090 15.35  69.834162  66.778428 29.142
  7     1.745 52454.66612154 18.50  69.830772  66.781498 29.142
  7     1.401 52454.66612219 21.74  69.827392  66.784578 29.142
  7     0.912 52454.66612283 21.27  69.824002  66.787648 29.142
  8     2.511 52489.66609535 26.03  69.853714  66.770744 39.582
  8     2.396 52489.66609600 22.35  69.850334  66.773814 39.582
  8     2.303 52489.66609664 18.58  69.846954  66.776894 39.582
  8     1.946 52489.66609729 19.01  69.843574  66.779964 39.582
  8     1.305 52489.66609793 21.57  69.840184  66.783034 39.582
  8     0.322 52489.66609857 24.25  69.836804  66.786104 39.582
  8     0.242 52489.66609922 28.43  69.833414  66.789178 27.840
  8     1.411 52489.66609986 22.04  69.830024  66.792258 27.840
  8     1.914 52489.66610051 20.83  69.826644  66.795328 27.840
  9     2.457 52524.66607217 28.75  69.859969  66.769080 29.751
  9     2.104 52524.66607281 25.49  69.856589  66.772150 29.751
  9     2.038 52524.66607346 21.36  69.853209  66.775220 29.751
  9     1.996 52524.66607410 19.52  69.849829  66.778300 29.751
  9     1.624 52524.66607475 19.82  69.846449  66.781370 29.751
  9     1.189 52524.66607539 21.47  69.843059  66.784440 29.751
  9     0.303 52524.66607603 23.65  69.839679  66.787520 29.751
  9     0.688 52524.66607668 23.29  69.836289  66.790590 29.751
  9     1.565 52524.66607732 20.62  69.832909  66.793660 29.751
  9     1.716 52524.66607797 23.38  69.829519  66.796730 29.751
 10     1.477 52559.66612312 33.34  69.832340  66.774359 14.400
 10     1.108 52559.66612377 28.54  69.828950  66.777429 14.400
 10     0.263 52559.66612441 28.92  69.825570  66.780499 14.400
 10     0.441 52559.66612506 28.81  69.822180  66.783579 14.400
 10     0.910 52559.66612570 29.37  69.818800  66.786649 14.400
 11     1.627 52594.66612815 26.87  69.835471  66.775810  4.489
 11     1.671 52594.66612880 31.01  69.832091  66.778880  4.489
 11     1.605 52594.66612944 29.59  69.828701  66.781950  4.489
 11     1.564 52594.66613009 29.18  69.825321  66.785020  4.489
 11     1.511 52594.66613073 29.61  69.821931  66.788100  4.489
 12     1.402 52629.66605815 14.15  69.834305  66.773332  2.469
 12     1.325 52629.66605879 14.51  69.830915  66.776402  2.469
 12     1.301 52629.66605944 14.59  69.827535  66.779482  2.469
 12     1.111 52629.66606008 14.76  69.824145  66.782552  2.469
 12     1.110 52629.66606073 15.53  69.820755  66.785622  2.469
 13     1.228 52664.66608919 12.12  69.842078  66.773551  2.261
 13     1.216 52664.66608983 11.97  69.838698  66.776631  2.261
 13     1.268 52664.66609048 12.50  69.835318  66.779701  2.261
 13     1.205 52664.66609112 12.43  69.831928  66.782771  2.261
 13     1.132 52664.66609177 12.97  69.828548  66.785841  2.261
 13     1.171 52664.66609241 12.89  69.825158  66.788921  2.261
 14     1.274 52699.66606366 10.36  69.830344  66.775754  2.146
 14     1.271 52699.66606430 10.58  69.826954  66.778824  2.146
 14     1.076 52699.66606495 11.15  69.823574  66.781904  2.146
 14     1.228 52699.66606559 10.42  69.820184  66.784974  2.146
 15     1.650 52734.66609094  9.56  69.857036  66.770380  2.439
 15     1.465 52734.66609158  9.38  69.853656  66.773460  2.439
 15     1.384 52734.66609223  9.57  69.850276  66.776530  2.439
 15     1.248 52734.66609287  9.48  69.846896  66.779600  2.439
 15     1.048 52734.66609352  9.11  69.843506  66.782670  2.439
 15     1.025 52734.66609416  9.83  69.840126  66.785750  2.439
 15     1.145 52734.66609481  9.73  69.836736  66.788820  2.439
 15     1.219 52734.66609545  9.37  69.833356  66.791890  2.439
 15     1.379 52734.66609610  9.10  69.829962  66.794960  2.262
 16     1.809 52769.66608328 44.22  69.859460  66.770749 39.488
 16     1.744 52769.66608392 47.49  69.856080  66.773819 39.488
 16     1.823 52769.66608456 44.24  69.852700  66.776889 39.488
 16     1.792 52769.66608521 42.84  69.849320  66.779969 39.488
 16     1.678 52769.66608585 39.91  69.845940  66.783039 39.488
 16     1.582 52769.66608650 40.37  69.842550  66.786109 39.488
 16     1.495 52769.66608714 34.11  69.839170  66.789179 39.488
 16     1.337 52769.66608779 31.93  69.835790  66.792259 39.488
 16     1.281 52769.66608843 32.40  69.832400  66.795329 39.488
 17     2.776 52804.66611690 37.97  69.826617  66.773213 32.925
 17     2.314 52804.66611754 18.11  69.823227  66.776283 32.925
 17    -4.611 52804.66611819 20.38  69.819847  66.779353 32.925
 17     1.272 52804.66611883 17.54  69.816457  66.782423 32.925
 18     2.250 52839.66617895 25.68  69.832341  66.775291 32.562
 18    -2.897 52839.66617960 23.68  69.828951  66.778361 32.562
 18    -1.284 52839.66618024 24.88  69.825571  66.781431 32.562
 18    -0.526 52839.66618089 27.13  69.822181  66.784501 32.562
 18     0.549 52839.66618153 24.65  69.818791  66.787581 32.562
 20     1.571 52909.66619086 33.03  69.859751  66.770203 16.349
 20     1.534 52909.66619150 32.30  69.856371  66.773273 16.349
 20     1.275 52909.66619215 32.77  69.852991  66.776343 16.349
 20     0.841 52909.66619279 33.31  69.849611  66.779423 16.349
 20     0.519 52909.66619343 35.78  69.846231  66.782493 16.349
 20     0.634 52909.66619408 42.67  69.842841  66.785563 16.349
 20     0.624 52909.66619472 45.34  69.839461  66.788633 16.349
 20     0.794 52909.66619537 43.59  69.836071  66.791713 16.349
 20     0.824 52909.66619601 45.79  69.832691  66.794783 16.349
 21     0.354 52944.66613032 31.05  69.831660  66.774269 12.399
 21     0.504 52944.66613096 40.92  69.828270  66.777339 12.399
 21     0.578 52944.66613161 41.33  69.824880  66.780409 12.399
 21     0.501 52944.66613225 38.59  69.821500  66.783489 12.399
 21     0.404 52944.66613289 36.62  69.818110  66.786559 12.399
 23     0.264 53014.66617789 12.64  69.851326  66.770320  2.376
 23     0.640 53014.66617854 12.53  69.847946  66.773390  2.376
 23     0.708 53014.66617918 12.10  69.844566  66.776470  2.376
 23     0.683 53014.66617983 12.35  69.841186  66.779540  2.376
 23     0.683 53014.66618047 12.13  69.837796  66.782610  2.376
 23     0.554 53014.66618112 12.26  69.834416  66.785690  2.376
 23     0.459 53014.66618176 12.20  69.831026  66.788760  2.376
 23     0.625 53014.66618241 11.89  69.827646  66.791830  2.376
 24     0.651 53049.66615259 12.16  69.829532  66.775923  2.427
 24     0.700 53049.66615323 12.00  69.826142  66.778993  2.427
 24     0.642 53049.66615388 12.23  69.822762  66.782063  2.427
 24     0.538 53049.66615452 12.01  69.819372  66.785133  2.427
 25     0.771 53084.66618795  8.70  69.840685  66.774970  2.281
 25     0.925 53084.66618860  8.90  69.837305  66.778050  2.281
 25     0.754 53084.66618924  8.75  69.833925  66.781120  2.281
 25     0.586 53084.66618989  8.66  69.830535  66.784190  2.281
 25     0.665 53084.66619053  8.40  69.827155  66.787260  2.281
 25     0.658 53084.66619118  8.05  69.823765  66.790340  2.281
 26     0.716 53119.66615870  8.32  69.828674  66.775594  2.354
 26     0.852 53119.66615934  7.92  69.825284  66.778664  2.354
 26     0.738 53119.66615998  7.83  69.821904  66.781734  2.354
 26     0.677 53119.66616063  7.42  69.818514  66.784804  2.354
 27     2.473 53154.66621090 51.18  69.830412  66.775310 50.989
 27     2.351 53154.66621154 40.62  69.827032  66.778380 50.989
 27     2.415 53154.66621219 51.47  69.823642  66.781450 50.989
 27     2.406 53154.66621283 50.64  69.820262  66.784530 50.989
 28     2.163 53189.66619954 24.98  69.849288  66.772031 30.313
 28     1.997 53189.66620019 21.55  69.845908  66.775101 30.313
 28    -3.089 53189.66620083 23.21  69.842528  66.778181 30.313
 28    -1.583 53189.66620148 24.35  69.839138  66.781251 30.313
 28    -0.399 53189.66620212 22.78  69.835758  66.784321 30.313
 28     0.349 53189.66620277 23.82  69.832368  66.787401 30.313
 28     1.269 53189.66620341 23.21  69.828988  66.790471 30.313
 28     1.793 53189.66620406 21.20  69.825598  66.793541 30.313
 29     1.762 53224.66621124 31.82  69.852205  66.772009 22.233
 29     1.767 53224.66621188 25.54  69.848825  66.775079 22.233
 29     1.571 53224.66621253 22.19  69.845445  66.778159 22.233
 29     1.146 53224.66621317 21.07  69.842065  66.781229 22.233
 29     0.650 53224.66621381 20.94  69.838675  66.784299 22.233
 29    -0.122 53224.66621446 22.19  69.835295  66.787379 22.233
 29     0.690 53224.66621510 22.75  69.831905  66.790449 22.233
 29     1.066 53224.66621575 24.77  69.828525  66.793519 22.233
 30     1.604 53259.66618600 37.88  69.853323  66.771699 18.122
 30     1.512 53259.66618665 37.01  69.849943  66.774769 18.122
 30     1.369 53259.66618729 35.03  69.846563  66.777849 18.122
 30     0.862 53259.66618794 36.65  69.843183  66.780919 18.122
 30     0.548 53259.66618858 39.34  69.839803  66.783989 18.122
 30     0.855 53259.66618923 42.23  69.836413  66.787069 18.122
 30     0.870 53259.66618987 42.62  69.833033  66.790139 18.122
 30     0.843 53259.66619051 43.45  69.829643  66.793209 18.122
 31     1.008 53294.66621382 24.93  69.825123  66.773775 18.293
 31     0.609 53294.66621446 25.81  69.821743  66.776855 18.293
 31     0.527 53294.66621511 26.19  69.818353  66.779925 18.293
 31     0.540 53294.66621575 29.92  69.814973  66.782995 18.293
 32     0.934 53329.66618644 19.72  69.844423  66.774010  2.980
 32     0.889 53329.66618708 19.65  69.841043  66.777090  2.980
 32     0.864 53329.66618773 19.49  69.837653  66.780160  2.980
 32     0.819 53329.66618837 19.74  69.834273  66.783230  2.980
 32     0.810 53329.66618902 19.52  69.830893  66.786300  2.980
 32     0.837 53329.66618966 18.94  69.827503  66.789380  2.980
 32     0.882 53329.66619031 17.71  69.824113  66.792450  2.980
 33     1.152 53364.66613573 14.17  69.861335  66.770103  2.205
 33     1.125 53364.66613637 14.06  69.857955  66.773173  2.205
 33     1.144 53364.66613702 13.73  69.854575  66.776243  2.205
 33     1.102 53364.66613766 13.67  69.851195  66.779323  2.205
 33     1.068 53364.66613831 13.78  69.847815  66.782393  2.205
 33     1.031 53364.66613895 13.47  69.844425  66.785463  2.205
 33     0.952 53364.66613959 13.72  69.841045  66.788543  2.205
 33     0.944 53364.66614024 12.70  69.837655  66.791613  2.205
 33     0.940 53364.66614088 12.61  69.834275  66.794683  2.205
 33     1.058 53364.66614153 11.91  69.830885  66.797753  2.205
 34     1.109 53399.66616193 11.42  69.832957  66.775727  2.211
 34     0.970 53399.66616258 11.53  69.829567  66.778797  2.211
 34     0.947 53399.66616322 11.07  69.826187  66.781867  2.211
 34     0.841 53399.66616387 10.82  69.822797  66.784937  2.211
 34     0.870 53399.66616451 10.58  69.819417  66.788017  2.211
 35     1.271 53434.66615072 10.49  69.857047  66.771496  2.047
 35     1.256 53434.66615136 10.62  69.853667  66.774566  2.047
 35     1.156 53434.66615200 10.51  69.850287  66.777646  2.047
 35     1.070 53434.66615265 10.00  69.846907  66.780716  2.047
 35     0.940 53434.66615329  9.93  69.843517  66.783786  2.047
 35     0.931 53434.66615394 10.17  69.840137  66.786866  2.047
 35     1.012 53434.66615458  9.58  69.836747  66.789936  2.047
 35     0.991 53434.66615523  9.40  69.833367  66.793006  2.047
 35     1.138 53434.66615587  9.51  69.829977  66.796076  2.047
 36     1.064 53469.66619600  8.64  69.829218  66.774759  2.141
 36     1.050 53469.66619665  8.27  69.825828  66.777829  2.141
 36     0.979 53469.66619729  8.16  69.822448  66.780899  2.141
 36     0.946 53469.66619794  7.85  69.819058  66.783969  2.141
 37     2.036 53504.66623760 37.23  69.838597  66.774354 28.676
 37     1.986 53504.66623824 34.07  69.835217  66.777434 28.676
 37     2.127 53504.66623889 46.19  69.831827  66.780504 28.676
 37     2.133 53504.66623953 38.00  69.828447  66.783574 28.676
 37     2.227 53504.66624018 36.25  69.825067  66.786644 28.676
 37     1.988 53504.66624082 26.89  69.821677  66.789724 28.676
 38     2.154 53539.66623680 26.78  69.841482  66.774488 29.958
 38     1.921 53539.66623744 17.72  69.838102  66.777568 29.958
 38     1.751 53539.66623808 15.57  69.834712  66.780638 29.958
 38     1.778 53539.66623873 15.82  69.831332  66.783708 29.958
 38     1.715 53539.66623937 16.17  69.827942  66.786788 29.958
 38     1.951 53539.66624002 16.60  69.824562  66.789858 29.958
 39     2.091 53574.66623189 52.32  69.849020  66.771257 33.368
 39     2.108 53574.66623254 51.17  69.845640  66.774327 33.368
 39     2.078 53574.66623318 51.74  69.842260  66.777407 33.368
 39     2.047 53574.66623383 49.88  69.838880  66.780477 33.368
 39     1.985 53574.66623447 50.27  69.835490  66.783547 33.368
 39     2.106 53574.66623511 50.40  69.832110  66.786627 33.368
 39     2.017 53574.66623576 51.04  69.828720  66.789697 33.368
 39     2.054 53574.66623640 49.81  69.825340  66.792767 33.368
 40     1.258 53609.66618161 35.03  69.861188  66.769356 25.117
 40     1.254 53609.66618225 37.81  69.857808  66.772426 25.117
 40     1.216 53609.66618289 33.62  69.854428  66.775496 25.117
 40     1.182 53609.66618354 28.76  69.851048  66.778576 25.117
 40     0.927 53609.66618418 26.50  69.847668  66.781646 25.117
 40     0.149 53609.66618483 29.26  69.844278  66.784716 25.117
 40    -0.125 53609.66618547 32.06  69.840898  66.787796 25.117
 40     0.486 53609.66618612 31.62  69.837518  66.790866 25.117
 40     0.872 53609.66618676 36.23  69.834128  66.793936 25.117
 40     1.066 53609.66618741 39.26  69.830748  66.797006 25.117
 41    -1.230 53644.66618641 31.63  69.827570  66.775471 17.663
 41     0.311 53644.66618706 31.14  69.824180  66.778541 17.663
 41     0.413 53644.66618770 32.60  69.820800  66.781611 17.663
 41     0.605 53644.66618835 34.40  69.817410  66.784681 17.663
 42     1.232 53679.66620306 31.22  69.841151  66.773179 10.565
 42     1.293 53679.66620371 33.67  69.837771  66.776259 10.565
 42     1.275 53679.66620435 36.83  69.834391  66.779329 10.565
 42     1.229 53679.66620500 35.61  69.831001  66.782399 10.565
 42     1.228 53679.66620564 35.70  69.827621  66.785479 10.565
 42     1.188 53679.66620629 35.49  69.824231  66.788549 10.565
 43     1.194 53714.66613003 13.67  69.861527  66.769786  2.209
 43     1.177 53714.66613067 13.78  69.858147  66.772856  2.209
 43     0.904 53714.66613132 13.25  69.854767  66.775926  2.209
 43     0.562 53714.66613196 14.36  69.851387  66.779006  2.209
 43     0.608 53714.66613261 13.24  69.848007  66.782076  2.209
 43     0.477 53714.66613325 14.11  69.844617  66.785146  2.209
 43     0.609 53714.66613390 14.11  69.841237  66.788216  2.209
 43     0.788 53714.66613454 13.05  69.837847  66.791296  2.209
 43     0.993 53714.66613519 12.71  69.834467  66.794366  2.209
 43     1.173 53714.66613583 12.26  69.831077  66.797436  2.209
 44     0.951 53749.66604752 10.90  69.830097  66.775007  2.498
 44     0.991 53749.66604816 10.94  69.826707  66.778077  2.498
 44     0.912 53749.66604881 11.07  69.823327  66.781147  2.498
 44     0.786 53749.66604945 11.68  69.819937  66.784217  2.498
 45     1.296 53784.66607682  9.52  69.852411  66.771841  2.298
 45     1.168 53784.66607747  9.38  69.849031  66.774911  2.298
 45     1.070 53784.66607811  9.44  69.845651  66.777991  2.298
 45     0.933 53784.66607876  9.83  69.842261  66.781061  2.298
 45     0.842 53784.66607940  9.64  69.838881  66.784131  2.298
 45     0.737 53784.66608005  9.25  69.835501  66.787211  2.298
 45     0.844 53784.66608069  9.17  69.832111  66.790281  2.298
 45     0.930 53784.66608133  8.90  69.828721  66.793351  2.298
 46     1.352 53819.66603629  8.68  69.868916  66.770559  2.016
 46     1.241 53819.66603694  8.58  69.865536  66.773629  2.016
 46     1.141 53819.66603758  8.66  69.862156  66.776699  2.016
 46     0.956 53819.66603823  8.60  69.858776  66.779779  2.016
 46     0.810 53819.66603887  8.75  69.855396  66.782849  2.016
 46     0.733 53819.66603952  9.02  69.852016  66.785919  2.016
 46     0.914 53819.66604016  8.22  69.848626  66.788999  2.016
 46     0.969 53819.66604081  7.91  69.845246  66.792069  2.016
 46     1.109 53819.66604145  8.00  69.841856  66.795139  2.016
 46     1.358 53819.66604210  7.71  69.838476  66.798209  2.016
 46     1.467 53819.66604274  7.73  69.835086  66.801289  2.016
 47     1.231 53854.66612027  7.41  69.828473  66.775538  2.103
 47     0.978 53854.66612091  7.23  69.825083  66.778608  2.103
 47     0.896 53854.66612155  7.22  69.821703  66.781678  2.103
 47     0.877 53854.66612220  7.03  69.818313  66.784748  2.103
 49     2.151 53924.66619567 26.98  69.827639  66.775453 22.377
 49    -0.304 53924.66619632 27.01  69.824249  66.778523 22.377
 49     0.375 53924.66619696 27.47  69.820869  66.781593 22.377
 49     1.672 53924.66619761 26.66  69.817479  66.784673 22.377
 50     1.861 53959.66618476 27.80  69.841669  66.774561 29.941
 50     1.462 53959.66618541 22.27  69.838289  66.777641 29.941
 50    -2.401 53959.66618605 24.50  69.834909  66.780711 29.941
 50    -0.937 53959.66618669 24.92  69.831519  66.783781 29.941
 50    -0.163 53959.66618734 25.85  69.828139  66.786861 29.941
 50     0.504 53959.66618798 22.96  69.824749  66.789931 29.941
 51     1.681 53994.66611875 30.69  69.822345  66.774254 10.184
 51     1.141 53994.66611940 31.63  69.818955  66.777324 10.184
 51     0.792 53994.66612004 33.08  69.815565  66.780394 10.184
 52     0.881 54029.66617590 32.10  69.834385  66.773431 15.225
 52     1.299 54029.66617655 39.26  69.831005  66.776511 15.225
 52     1.169 54029.66617719 43.87  69.827615  66.779581 15.225
 52     1.146 54029.66617784 45.55  69.824235  66.782651 15.225
 52     1.177 54029.66617848 46.21  69.820845  66.785721 15.225
 53     1.171 54064.66616882  9.97  69.851802  66.772114  2.196
 53     1.112 54064.66616947  9.92  69.848422  66.775184  2.196
 53     0.886 54064.66617011 10.36  69.845042  66.778264  2.196
 53     0.785 54064.66617075 10.03  69.841652  66.781334  2.196
 53     0.615 54064.66617140 10.17  69.838272  66.784404  2.196
 53     0.618 54064.66617204 10.53  69.834892  66.787474  2.196
 53     0.703 54064.66617269 10.47  69.831502  66.790554  2.196
 53     0.765 54064.66617333 10.36  69.828112  66.793624  2.196
 54     1.809 54099.66613363  9.40  69.859538  66.769003  2.095
 54     1.478 54099.66613428  9.27  69.856158  66.772073  2.095
 54     1.317 54099.66613492  9.43  69.852778  66.775143  2.095
 54     1.159 54099.66613557  9.56  69.849398  66.778223  2.095
 54     0.972 54099.66613621 10.11  69.846018  66.781293  2.095
 54     0.860 54099.66613686  9.59  69.842638  66.784363  2.095
 54     0.820 54099.66613750  9.67  69.839248  66.787443  2.095
 54     0.866 54099.66613815  9.78  69.835868  66.790513  2.095
 54     0.998 54099.66613879  9.10  69.832478  66.793583  2.095
 54     1.191 54099.66613943  9.04  69.829098  66.796653  2.095
 55     1.797 54134.66609514 11.43  69.829644  66.775647  1.899
 55     1.600 54134.66609578 11.57  69.826254  66.778717  1.899
 55     1.178 54134.66609643 11.78  69.822874  66.781787  1.899
 55     1.061 54134.66609707 11.84  69.819484  66.784857  1.899
 57     1.913 54204.66609915  7.70  69.829975  66.774259  1.864
 57     1.595 54204.66609979  7.50  69.826585  66.777329  1.864
 57     1.241 54204.66610044  7.78  69.823205  66.780399  1.864
 57     1.208 54204.66610108  7.84  69.819815  66.783469  1.864
 58     2.713 54239.66613323 27.90  69.841448  66.774483 22.889
 58     2.445 54239.66613388 25.86  69.838068  66.777563 22.889
 58     2.319 54239.66613452 26.69  69.834678  66.780633 22.889
 58     2.470 54239.66613517 28.02  69.831298  66.783703 22.889
 58     2.638 54239.66613581 29.46  69.827908  66.786783 22.889
 58     2.808 54239.66613646 32.19  69.824528  66.789853 22.889
 59     2.645 54274.66614929 29.42  69.845900  66.771852 32.547
 59     2.349 54274.66614994 24.30  69.842520  66.774922 32.547
 59     1.860 54274.66615058 21.53  69.839140  66.778002 32.547
 59     1.940 54274.66615123 15.33  69.835750  66.781072 32.547
 59     2.188 54274.66615187 14.97  69.832370  66.784142 32.547
 59     0.585 54274.66615252 20.98  69.828980  66.787212 32.547
 59     1.921 54274.66615316 16.85  69.825600  66.790292 32.547
 61     2.569 54344.66612648 32.18  69.860358  66.770041 30.126
 61     2.249 54344.66612712 27.43  69.856978  66.773111 30.126
 61     2.211 54344.66612777 25.76  69.853598  66.776181 30.126
 61     2.632 54344.66612841 35.42  69.850218  66.779261 30.126
 61     2.633 54344.66612906 44.55  69.846838  66.782331 30.126
 61     2.694 54344.66612970 40.61  69.843448  66.785401 30.126
 61     2.125 54344.66613035 24.25  69.840068  66.788481 30.126
 61     1.686 54344.66613099 23.23  69.836678  66.791551 30.126
 61     1.644 54344.66613164 25.12  69.833298  66.794621 30.126
 61     2.020 54344.66613228 23.40  69.829908  66.797691 30.126
 62     1.253 54379.66608785 36.48  69.832965  66.775784 26.846
 62     1.093 54379.66608849 34.27  69.829575  66.778854 26.846
 62     0.761 54379.66608914 27.80  69.826195  66.781924 26.846
 62     0.259 54379.66608978 27.18  69.822805  66.784994 26.846
 62     0.486 54379.66609042 27.16  69.819425  66.788074 26.846
 63     1.226 54414.66607515 33.00  69.850156  66.771261 11.851
 63     1.385 54414.66607580 36.28  69.846776  66.774331 11.851
 63     1.429 54414.66607644 37.68  69.843396  66.777411 11.851
 63     1.471 54414.66607709 38.76  69.840016  66.780481 11.851
 63     1.378 54414.66607773 38.05  69.836626  66.783551 11.851
 63     1.340 54414.66607838 37.76  69.833246  66.786621 11.851
 63     1.311 54414.66607902 38.23  69.829856  66.789701 11.851
 63     1.322 54414.66607967 39.84  69.826476  66.792771 11.851
 64     1.053 54449.66605496 19.43  69.830536  66.774362  3.271
 64     0.914 54449.66605561 20.02  69.827156  66.777442  3.271
 64     0.795 54449.66605625 20.25  69.823766  66.780512  3.271
 64     0.778 54449.66605690 21.21  69.820386  66.783582  3.271
 64     0.741 54449.66605754 20.73  69.816996  66.786652  3.271
 65     1.191 54484.66607051 16.08  69.843677  66.774030  2.489
 65     1.121 54484.66607115 15.89  69.840297  66.777110  2.489
 65     0.886 54484.66607180 16.35  69.836907  66.780180  2.489
 65     0.847 54484.66607244 16.19  69.833527  66.783250  2.489
 65     0.762 54484.66607309 16.41  69.830137  66.786320  2.489
 65     0.907 54484.66607373 15.48  69.826757  66.789400  2.489
 65     1.107 54484.66607438 15.26  69.823367  66.792470  2.489
 66     0.910 54519.66606854 14.51  69.834295  66.775216  2.449
 66     0.788 54519.66606919 14.65  69.830915  66.778286  2.449
 66     0.847 54519.66606983 14.81  69.827525  66.781366  2.449
 66     0.841 54519.66607048 14.34  69.824145  66.784436  2.449
 66     0.860 54519.66607112 14.51  69.820755  66.787506  2.449
 67     1.414 54554.66608141  9.42  69.853816  66.772072  2.095
 67     1.216 54554.66608206  9.09  69.850436  66.775142  2.095
 67     0.981 54554.66608270  9.01  69.847056  66.778212  2.095
 67     0.882 54554.66608335  9.45  69.843666  66.781282  2.095
 67     0.796 54554.66608399  9.57  69.840286  66.784362  2.095
 67     0.999 54554.66608464  9.14  69.836906  66.787432  2.095
 67     1.109 54554.66608528  8.92  69.833516  66.790502  2.095
 67     1.208 54554.66608592  8.81  69.830136  66.793582  2.095
 68     0.866 54589.66606418  7.28  69.838428  66.773565  2.158
 68     1.125 54589.66606482  7.23  69.835038  66.776635  2.158
 68     1.163 54589.66606547  6.62  69.831658  66.779715  2.158
 68     1.103 54589.66606611  6.97  69.828268  66.782785  2.158
 68     1.142 54589.66606676  6.72  69.824888  66.785855  2.158
 68     1.199 54589.66606740  6.53  69.821498  66.788925  2.158
 69     2.702 54624.66608042 29.41  69.847872  66.771412 27.834
 69     2.424 54624.66608107 20.95  69.844492  66.774482 27.834
 69     2.217 54624.66608171 17.75  69.841112  66.777552 27.834
 69     2.158 54624.66608236 16.57  69.837722  66.780632 27.834
 69     1.894 54624.66608300 15.98  69.834342  66.783702 27.834
 69     1.139 54624.66608365 16.81  69.830952  66.786772 27.834
 69     1.503 54624.66608429 18.53  69.827572  66.789842 27.834
 69     2.157 54624.66608493 20.72  69.824182  66.792922 27.834
 70     2.398 54659.66608941 35.48  69.840746  66.772972 37.746
 70    -5.023 54659.66609006 24.62  69.837356  66.776042 37.746
 70    -4.413 54659.66609070 24.50  69.833976  66.779122 37.746
 70    -2.843 54659.66609135 20.90  69.830596  66.782192 37.746
 70    -0.321 54659.66609199 18.73  69.827206  66.785262 37.746
 70     0.214 54659.66609264 19.84  69.823826  66.788332 37.746
 71     1.558 54694.66606846 36.59  69.851874  66.771808 30.586
 71     1.443 54694.66606911 40.02  69.848494  66.774878 30.586
 71     1.263 54694.66606975 35.67  69.845114  66.777948 30.586
 71     0.772 54694.66607040 32.07  69.841724  66.781028 30.586
 71     0.351 54694.66607104 28.09  69.838344  66.784098 30.586
 71    -0.252 54694.66607169 25.04  69.834954  66.787168 30.586
 71     0.020 54694.66607233 24.72  69.831574  66.790238 30.586
 71     0.521 54694.66607298 26.65  69.828184  66.793318 30.586
 72     1.233 54729.66604447 35.05  69.834822  66.774120 25.602
 72     1.058 54729.66604511 32.30  69.831432  66.777190 25.602
 72     0.834 54729.66604576 28.65  69.828052  66.780260 25.602
 72     0.127 54729.66604640 29.82  69.824662  66.783340 25.602
 72     0.233 54729.66604705 30.50  69.821282  66.786410 25.602
 73     1.605 54764.66604687 29.63  69.843614  66.772930 12.327
 73     1.370 54764.66604751 28.24  69.840234  66.776000 12.327
 73     0.977 54764.66604816 27.83  69.836844  66.779070 12.327
 73     0.557 54764.66604880 29.93  69.833464  66.782150 12.327
 73     0.628 54764.66604945 33.33  69.830074  66.785220 12.327
 73     0.716 54764.66605009 34.75  69.826694  66.788290 12.327
 73     0.774 54764.66605074 35.85  69.823304  66.791360 12.327
 74     0.788 54799.66603806 21.34  69.829802  66.773974  3.036
 74     0.763 54799.66603870 22.22  69.826422  66.777044  3.036
 74     0.674 54799.66603935 22.24  69.823032  66.780124  3.036
 74     0.657 54799.66603999 23.54  69.819652  66.783194  3.036
 75     1.255 54834.66603823 16.77  69.843911  66.774221  2.385
 75     0.981 54834.66603887 17.27  69.840521  66.777291  2.385
 75     0.893 54834.66603952 17.02  69.837141  66.780371  2.385
 75     0.932 54834.66604016 17.35  69.833761  66.783441  2.385
 75     0.998 54834.66604081 17.44  69.830371  66.786511  2.385
 75     0.978 54834.66604145 17.09  69.826991  66.789581  2.385
 75     1.050 54834.66604210 16.48  69.823601  66.792661  2.385
 76     1.135 54869.66603526 12.43  69.830675  66.774904  2.212
 76     0.821 54869.66603591 12.80  69.827295  66.777974  2.212
 76     0.763 54869.66603655 13.33  69.823905  66.781054  2.212
 76     0.754 54869.66603720 12.71  69.820525  66.784124  2.212
 77     1.523 54904.66604619 11.71  69.855151  66.770652  2.136
 77     1.361 54904.66604683 11.14  69.851771  66.773722  2.136
 77     1.239 54904.66604748 11.45  69.848391  66.776792  2.136
 77     1.009 54904.66604812 11.05  69.845011  66.779872  2.136
 77     0.925 54904.66604876 11.41  69.841621  66.782942  2.136
 77     0.969 54904.66604941 11.62  69.838241  66.786012  2.136
 77     1.037 54904.66605005 11.20  69.834861  66.789082  2.136
 77     1.029 54904.66605070 11.15  69.831471  66.792162  2.136
 77     1.065 54904.66605134 10.84  69.828091  66.795232  2.136
 78     1.245 54939.66602646  9.79  69.835549  66.773852  1.982
 78     1.073 54939.66602710  9.80  69.832169  66.776922  1.982
 78     0.961 54939.66602775  9.59  69.828779  66.779992  1.982
 78     0.961 54939.66602839  9.38  69.825399  66.783072  1.982
 78     1.048 54939.66602904  9.43  69.822009  66.786142  1.982
 79     2.660 54974.66605667 18.03  69.839481  66.773739  4.637
 79     2.483 54974.66605731 18.72  69.836091  66.776809  4.637
 79     2.429 54974.66605796 19.31  69.832711  66.779889  4.637
 79     2.566 54974.66605860 19.74  69.829321  66.782959  4.637
 79     2.719 54974.66605925 20.97  69.825941  66.786029  4.637
 79     2.512 54974.66605989 21.32  69.822551  66.789099  4.637
 80     2.385 55009.66606863 30.14  69.848097  66.771237 33.340
 80     2.291 55009.66606927 22.71  69.844717  66.774307 33.340
 80     1.841 55009.66606992 20.62  69.841337  66.777377 33.340
 80     1.859 55009.66607056 16.34  69.837947  66.780457 33.340
 80     1.156 55009.66607121 18.88  69.834567  66.783527 33.340
 80     1.921 55009.66607185 15.67  69.831177  66.786597 33.340
 80     1.928 55009.66607249 16.39  69.827797  66.789667 33.340
 80     1.983 55009.66607314 15.92  69.824407  66.792747 33.340
 81     2.071 55044.66605963 34.60  69.841802  66.773564 29.251
 81     1.645 55044.66606027 24.78  69.838412  66.776634 29.251
 81     1.642 55044.66606092 23.13  69.835032  66.779714 29.251
 81     1.398 55044.66606156 23.47  69.831652  66.782784 29.251
 81     1.325 55044.66606221 23.91  69.828262  66.785854 29.251
 81     0.719 55044.66606285 26.15  69.824872  66.788924 29.251
 82     1.376 55079.66603438 35.15  69.857757  66.769545 27.555
 82     1.359 55079.66603502 35.81  69.854377  66.772625 27.555
 82     1.256 55079.66603566 38.81  69.850997  66.775695 27.555
 82     0.962 55079.66603631 32.19  69.847617  66.778765 27.555
 82     0.712 55079.66603695 30.90  69.844227  66.781845 27.555
 82     0.573 55079.66603760 30.23  69.840847  66.784915 27.555
 82     1.008 55079.66603824 32.94  69.837467  66.787985 27.555
 82     0.934 55079.66603889 35.85  69.834077  66.791055 27.555
 82     1.074 55079.66603953 40.27  69.830697  66.794135 27.555
 83     1.548 55114.66599178 39.21  69.837779  66.773026 28.308
 83     1.087 55114.66599242 38.31  69.834389  66.776096 28.308
 83     1.026 55114.66599307 36.58  69.831009  66.779166 28.308
 83     0.674 55114.66599371 51.23  69.827619  66.782246 28.308
 83     0.726 55114.66599436 53.77  69.824239  66.785316 28.308
 83     0.810 55114.66599500 41.75  69.820849  66.788386 28.308
 84     0.615 55149.66599141 20.24  69.843642  66.772956  3.598
 84     0.725 55149.66599205 20.23  69.840262  66.776026  3.598
 84     0.637 55149.66599270 20.90  69.836872  66.779106  3.598
 84     0.722 55149.66599334 20.80  69.833492  66.782176  3.598
 84     0.608 55149.66599399 20.89  69.830102  66.785246  3.598
 84     0.649 55149.66599463 21.52  69.826722  66.788316  3.598
 84     0.719 55149.66599528 20.05  69.823332  66.791386  3.598
 85     1.020 55184.66597599 12.85  69.830064  66.775076  2.494
 85     0.884 55184.66597664 12.83  69.826684  66.778156  2.494
 85     0.781 55184.66597728 12.78  69.823294  66.781226  2.494
 85     0.709 55184.66597792 12.72  69.819914  66.784296  2.494
 86     0.873 55219.66598896 11.30  69.848471  66.771563  2.341
 86     1.089 55219.66598960 11.26  69.845091  66.774633  2.341
 86     1.091 55219.66599025 10.92  69.841711  66.777703  2.341
 86     0.940 55219.66599089 11.15  69.838321  66.780783  2.341
 86     0.923 55219.66599154 11.07  69.834941  66.783853  2.341
 86     0.882 55219.66599218 10.48  69.831551  66.786923  2.341
 86     0.802 55219.66599283 10.59  69.828171  66.789993  2.341
 86     0.874 55219.66599347 10.34  69.824781  66.793073  2.341
 87     0.956 55254.66597181 10.07  69.834541  66.775240  2.319
 87     0.947 55254.66597246  9.58  69.831161  66.778310  2.319
 87     0.841 55254.66597310  9.63  69.827771  66.781390  2.319
 87     0.798 55254.66597375  9.72  69.824391  66.784460  2.319
 87     0.900 55254.66597439  9.59  69.821001  66.787530  2.319
 88     1.376 55289.66597800  9.67  69.857699  66.769781  2.084
 88     1.196 55289.66597865  9.80  69.854319  66.772861  2.084
 88     1.189 55289.66597929  9.41  69.850939  66.775931  2.084
 88     1.041 55289.66597994  9.59  69.847559  66.779001  2.084
 88     0.908 55289.66598058  9.65  69.844169  66.782081  2.084
 88     0.809 55289.66598122  9.39  69.840789  66.785151  2.084
 88     0.952 55289.66598187  9.20  69.837409  66.788221  2.084
 88     0.952 55289.66598251  8.89  69.834019  66.791291  2.084
 88     0.972 55289.66598316  8.87  69.830639  66.794371  2.084
 89     1.873 55324.66595824 27.02  69.840183  66.774205  7.929
 89     1.764 55324.66595889 22.97  69.836793  66.777275  7.929
 89     1.488 55324.66595953 21.55  69.833413  66.780355  7.929
 89     1.466 55324.66596018 20.94  69.830033  66.783425  7.929
 89     1.774 55324.66596082 22.65  69.826643  66.786495  7.929
 89     1.780 55324.66596147 23.61  69.823253  66.789565  7.929
 90     2.354 55359.66595514 30.85  69.848285  66.771006 31.765
 90     2.254 55359.66595579 25.54  69.844905  66.774076 31.765
 90     1.793 55359.66595643 23.60  69.841525  66.777146 31.765
 90     1.533 55359.66595708 18.76  69.838135  66.780226 31.765
 90     1.536 55359.66595772 15.83  69.834755  66.783296 31.765
 90     1.729 55359.66595837 14.61  69.831365  66.786366 31.765
 90     1.981 55359.66595901 14.95  69.827985  66.789436 31.765
 90     1.873 55359.66595965 14.90  69.824595  66.792516 31.765
 91     1.908 55394.66596106 19.96  69.833457  66.775937 28.133
 91     1.530 55394.66596171 15.44  69.830077  66.779017 28.133
 91     1.333 55394.66596235 14.29  69.826687  66.782087 28.133
 91     0.711 55394.66596300 15.63  69.823307  66.785157 28.133
 91     0.574 55394.66596364 16.30  69.819917  66.788227 28.133
 92     1.817 55429.66597157 27.37  69.842276  66.774127 27.345
 92     1.386 55429.66597221 22.55  69.838886  66.777197 27.345
 92     1.280 55429.66597286 19.74  69.835506  66.780277 27.345
 92     0.770 55429.66597350 18.74  69.832116  66.783347 27.345
 92     1.106 55429.66597415 17.56  69.828736  66.786417 27.345
 92     1.247 55429.66597479 18.15  69.825346  66.789487 27.345
 93     1.622 55464.66593268 29.11  69.861026  66.770813 29.703
 93     1.302 55464.66593333 30.57  69.857646  66.773893 29.703
 93     1.144 55464.66593397 27.12  69.854266  66.776963 29.703
 93     0.813 55464.66593462 25.82  69.850886  66.780033 29.703
 93     0.546 55464.66593526 27.36  69.847496  66.783113 29.703
 93     0.850 55464.66593591 30.16  69.844116  66.786183 29.703
 93     1.068 55464.66593655 42.41  69.840736  66.789253 29.703
 93     1.086 55464.66593720 42.11  69.837346  66.792323 29.703
 93     0.921 55464.66593784 39.15  69.833966  66.795403 29.703
 93     1.064 55464.66593848 43.12  69.830576  66.798473 29.703
