# NaN NaN NaN ;Mean Elev.(m), Avg Gradient(m/km), RMS Gradient(m/km) - SRTM1     
#   12.009   0.224   9.260 ;Mean Elev.(m), Avg Gradient(m/km), RMS Gradient(m/km) - ASTER GDEM
#   27.136  -0.157   7.766 ;Mean Elev.(m), Avg Gradient(m/km), RMS Gradient(m/km) - GMTED2010 
  7    26.468 52466.68093096 34.19  69.110426  61.205075 16.252
  7    26.200 52466.68093160 30.77  69.108076  61.208235 16.252
  7    25.757 52466.68093224 29.62  69.105726  61.211395 16.252
  8    25.482 52501.68092350 33.59  69.114817  61.205750 19.770
  8    25.188 52501.68092414 34.63  69.112467  61.208900 19.770
  8    24.901 52501.68092479 31.08  69.110127  61.212060 19.770
  9    23.241 52536.68090957 22.07  69.096591  61.202847 16.633
  9    22.969 52536.68091021 22.87  69.094251  61.206007 16.633
 10    22.140 52571.68094593 19.65  69.105382  61.206640 15.723
 10    21.504 52571.68094657 17.16  69.103032  61.209790 15.723
 11    20.186 52606.68090739 29.68  69.117356  61.206503 12.217
 11    20.159 52606.68090803 35.79  69.115006  61.209663 12.217
 11    20.089 52606.68090868 34.69  69.112666  61.212823 12.217
 12    20.713 52641.68090296 15.80  69.101914  61.204649  3.206
 12    20.590 52641.68090361 15.66  69.099574  61.207809  3.206
 13    19.209 52676.68089108 14.72  69.116700  61.207620  3.624
 13    19.186 52676.68089173 14.51  69.114360  61.210780  3.624
 14    23.209 52711.68091929 13.10  69.103628  61.202998  2.828
 14    21.765 52711.68091993 13.22  69.101288  61.206158  2.828
 14    20.875 52711.68092058 13.99  69.098938  61.209318  2.828
 15    23.848 52746.68094659 12.46  69.108331  61.204960 14.107
 15    24.018 52746.68094723 17.12  69.105981  61.208120 14.107
 15    24.284 52746.68094787 13.88  69.103641  61.211270 14.107
 16    24.642 52781.68088518 45.40  69.098381  61.202444 41.496
 16    24.701 52781.68088582 42.76  69.096041  61.205604 41.496
 16    24.709 52781.68088647 45.93  69.093691  61.208764 41.496
 17    25.687 52816.68096553 50.27  69.096719  61.204137 38.202
 17    25.712 52816.68096617 48.72  69.094369  61.207297 38.202
 19    21.126 52886.68105088 16.75  69.105701  61.205723 17.886
 19    21.169 52886.68105152 16.69  69.103361  61.208883 17.886
 20    17.730 52921.68100597 47.71  69.117488  61.206340 28.877
 20    17.855 52921.68100662 51.87  69.115138  61.209500 28.877
 20    17.804 52921.68100726 50.71  69.112798  61.212660 28.877
 21    17.861 52956.68097124 30.17  69.106144  61.206388  9.444
 21    17.906 52956.68097189 30.93  69.103794  61.209548  9.444
 22    18.025 52991.68098980 17.51  69.112831  61.205271  4.516
 22    18.040 52991.68099045 18.62  69.110481  61.208431  4.516
 22    18.013 52991.68099109 18.68  69.108141  61.211591  4.516
 23    19.993 53026.68095622 13.21  69.123897  61.208695  3.259
 23    17.854 53026.68095686 14.33  69.121557  61.211845  3.259
 24    22.746 53061.68096509 11.25  69.115439  61.204851  2.632
 24    22.218 53061.68096573 11.03  69.113099  61.208011  2.632
 24    21.867 53061.68096638 11.20  69.110749  61.211171  2.632
 25    24.283 53096.68099137  8.91  69.112402  61.206571  2.061
 25    24.051 53096.68099202  8.31  69.110052  61.209731  2.061
 25    23.804 53096.68099266  8.75  69.107712  61.212881  2.061
 26    19.345 53131.68096408 39.89  69.114176  61.204628 25.182
 26    19.324 53131.68096473 40.09  69.111836  61.207788 25.182
 26    19.305 53131.68096537 28.31  69.109486  61.210948 25.182
 28    24.327 53201.68104149 53.54  69.107125  61.206825 46.648
 28    24.348 53201.68104214 51.34  69.104785  61.209985 46.648
 29    19.403 53236.68101072 25.36  69.121322  61.209095 28.539
 29    19.429 53236.68101136 24.74  69.118982  61.212255 28.539
 30    20.242 53271.68096819 41.85  69.100132  61.202184 23.603
 30    19.394 53271.68096883 26.48  69.097782  61.205344 23.603
 30    19.279 53271.68096947 24.11  69.095432  61.208504 23.603
 31    19.096 53306.68103285 35.67  69.099277  61.204981 15.126
 31    19.045 53306.68103349 40.38  69.096937  61.208141 15.126
 32    20.742 53341.68099978 30.04  69.115469  61.204775 13.894
 32    20.783 53341.68100042 43.28  69.113119  61.207935 13.894
 32    20.552 53341.68100107 37.67  69.110779  61.211095 13.894
 33    19.808 53376.68093275 30.69  69.122229  61.208283 11.774
 33    20.184 53376.68093339 41.04  69.119879  61.211443 11.774
 34    18.491 53411.68097495 19.63  69.114036  61.204372  4.665
 34    18.441 53411.68097560 24.59  69.111686  61.207532  4.665
 34    18.566 53411.68097624 17.63  69.109346  61.210692  4.665
 35    21.057 53446.68095847 12.09  69.096223  61.203480  3.023
 35    19.755 53446.68095911 13.35  69.093873  61.206630  3.023
 36    18.656 53481.68104404 37.33  69.098567  61.204532 25.339
 36    18.725 53481.68104469 32.94  69.096227  61.207692 25.339
 37    24.599 53516.68104665 48.34  69.113344  61.204556 43.593
 37    24.601 53516.68104729 48.83  69.110994  61.207716 43.593
 37    24.620 53516.68104794 46.27  69.108654  61.210876 43.593
 38    24.058 53551.68106760 25.37  69.105709  61.206645 38.452
 38    24.211 53551.68106825 22.47  69.103369  61.209805 38.452
 39    20.878 53586.68102274 33.60  69.117016  61.208274 30.226
 39    20.477 53586.68102338 28.08  69.114676  61.211434 30.226
 40    19.845 53621.68098633 25.96  69.092787  61.202475 34.831
 40    19.420 53621.68098697 22.01  69.090437  61.205635 34.831
 41    18.462 53656.68101473 20.06  69.102550  61.205582 27.255
 41    19.667 53656.68101537 20.38  69.100210  61.208742 27.255
 42    17.285 53691.68100179 43.94  69.111788  61.206667 16.608
 42    17.349 53691.68100244 41.06  69.109448  61.209827 16.608
 43    19.431 53726.68092519 28.00  69.125260  61.207108  8.051
 43    19.606 53726.68092583 30.88  69.122920  61.210268  8.051
 44    18.773 53761.68087735 13.70  69.107796  61.206592  3.825
 44    18.688 53761.68087799 13.54  69.105446  61.209752  3.825
 45    18.165 53796.68089092 12.55  69.119667  61.208824  3.501
 45    17.954 53796.68089156 12.51  69.117327  61.211984  3.501
 47    20.159 53866.68094861 29.24  69.103011  61.204632 23.594
 47    20.461 53866.68094926 26.42  69.100671  61.207792 23.594
 48    24.334 53901.68097796 43.37  69.108432  61.205571 41.809
 48    24.344 53901.68097860 44.19  69.106082  61.208731 41.809
 48    24.353 53901.68097925 40.63  69.103732  61.211881 41.809
 49    23.588 53936.68101727 21.75  69.099570  61.205464 36.839
 49    23.845 53936.68101791 24.63  69.097230  61.208624 36.839
 50    19.815 53971.68098286 21.68  69.111315  61.207359 22.914
 50    19.865 53971.68098351 22.96  69.108975  61.210519 22.914
 51    21.400 54006.68096567 14.67  69.100573  61.205647 25.711
 51    21.229 54006.68096632 13.41  69.098223  61.208807 25.711
 53    21.147 54076.68098630 36.06  69.114636  61.207409 10.043
 53    21.194 54076.68098695 34.74  69.112296  61.210569 10.043
 54    18.984 54111.68092726 16.54  69.121788  61.208847  4.253
 54    19.061 54111.68092790 15.37  69.119438  61.212007  4.253
 55    24.107 54146.68092760 12.00  69.106408  61.203595  2.544
 55    24.102 54146.68092824 11.76  69.104058  61.206755  2.544
 55    23.017 54146.68092889 11.97  69.101718  61.209915  2.544
 56    23.412 54181.68091434 13.17  69.120220  61.208154  1.999
 56    24.081 54181.68091499 13.20  69.117870  61.211314  1.999
 57    21.944 54216.68093631 32.02  69.104225  61.205290 30.654
 57    21.970 54216.68093695 30.50  69.101875  61.208450 30.654
 58    25.514 54251.68096223 38.48  69.109179  61.203720 35.507
 58    25.291 54251.68096288 29.51  69.106829  61.206880 35.507
 58    25.029 54251.68096352 26.99  69.104489  61.210040 35.507
 59    26.941 54286.68096769 34.38  69.114970  61.204853 13.451
 59    26.342 54286.68096833 27.83  69.112620  61.208013 13.451
 59    26.139 54286.68096898 25.93  69.110280  61.211173 13.451
 60    25.379 54321.68096518 30.00  69.111920  61.206932 14.321
 60    25.205 54321.68096583 26.72  69.109580  61.210092 14.321
 61    21.843 54356.68092544 23.05  69.119779  61.209946 26.560
 61    24.606 54356.68092609 20.49  69.117429  61.213106 26.560
 62    21.078 54391.68090582 17.38  69.109739  61.207067 18.253
 62    21.668 54391.68090647 15.67  69.107399  61.210227 18.253
 63    19.839 54426.68087520 34.40  69.114751  61.208088 12.247
 63    19.615 54426.68087584 30.25  69.112411  61.211248 12.247
 64    21.199 54461.68088304 13.36  69.105666  61.206368  3.652
 64    19.903 54461.68088368 13.48  69.103316  61.209528  3.652
 65    22.928 54496.68088240 14.32  69.115810  61.207627  2.468
 65    23.515 54496.68088305 13.97  69.113470  61.210787  2.468
 66    24.314 54531.68089607 11.82  69.108810  61.206638  2.412
 66    24.224 54531.68089672 11.71  69.106460  61.209798  2.412
 67    18.226 54566.68088793 23.14  69.120240  61.208393 10.582
 67    18.289 54566.68088858 25.01  69.117890  61.211553 10.582
 68    23.598 54601.68089111 46.36  69.109905  61.203844 34.211
 68    23.560 54601.68089175 43.24  69.107555  61.206994 34.211
 68    23.461 54601.68089239 46.26  69.105205  61.210154 34.211
 69    25.229 54636.68090318 47.40  69.109419  61.206949 35.706
 69    25.251 54636.68090382 45.95  69.107069  61.210109 35.706
 70    22.407 54671.68090677 27.61  69.111407  61.206684 20.777
 70    21.479 54671.68090742 27.07  69.109057  61.209844 20.777
 71    21.288 54706.68086732 23.63  69.117373  61.208502 27.157
 71    19.067 54706.68086797 19.56  69.115023  61.211662 27.157
