# NaN NaN NaN ;Mean Elev.(m), Avg Gradient(m/km), RMS Gradient(m/km) - SRTM1     
#   -6.767  -1.916  12.190 ;Mean Elev.(m), Avg Gradient(m/km), RMS Gradient(m/km) - ASTER GDEM
#    1.031  -2.854   5.510 ;Mean Elev.(m), Avg Gradient(m/km), RMS Gradient(m/km) - GMTED2010 
  7  65.847054  65.782526    -6.000    -5.873 11 52447.67989824 24.196
  8  65.854213  65.788774     7.927     7.885 13 52482.67988833 39.604
  9  65.859021  65.796978     6.849     6.968 16 52517.67984589 27.104
 10  65.841648  65.783082     5.041     5.589 11 52552.67989326 34.322
 11  65.857353  65.792251     4.511     4.510 14 52587.67987298 48.227
 12  65.859183  65.794777     3.357     3.580 15 52622.67983444 18.061
 15  65.854874  65.789270     3.247     3.126 13 52727.67986864 11.797
 16  65.855947  65.790604     4.276     4.210 13 52762.67988266 15.934
 17  65.849135  65.786764     6.359     6.510 12 52797.67984850 24.514
 18  65.849128  65.786057     5.957     6.058 12 52832.67991965 23.390
 19  65.855432  65.790635     4.684     4.571 13 52867.67996305 28.009
 20  65.854806  65.791727     4.451     4.931 14 52902.67998171 36.367
 21  65.859551  65.798284     2.153     1.756 15 52937.67992122 41.667
 22  65.848336  65.786273     1.543     1.360 12 52972.67995104 26.960
 23  65.850556  65.788119     3.055     2.739 12 53007.67996130 11.769
 24  65.844818  65.781724     3.616     4.013 11 53042.67991598 10.127
 25  65.852917  65.789950     4.313     4.302 13 53077.67995030 13.149
 26  65.842973  65.780552     5.016     5.216 11 53112.67991934 10.341
 27  65.848540  65.787381     4.922     4.920 12 53147.67996469 35.471
 28  65.854889  65.792176     6.459     6.547 14 53182.67996657 23.756
 29  65.853819  65.789202     5.245     5.266 13 53217.67998994 22.343
 30  65.859052  65.793052     4.270     4.717 15 53252.67996840 29.938
 31  65.842504  65.780289     3.674     3.141 11 53287.67996571 22.193
 32  65.857296  65.792042     2.308     2.397 15 53322.67994336 24.320
 34  65.844268  65.784831     2.606     2.528 11 53392.67992312 16.772
 35  65.859841  65.794428     3.464     3.385 15 53427.67991933 14.169
 36  65.847987  65.786037     2.761     2.538 12 53462.67993530 10.909
 37  65.847461  65.785237     4.108     4.142 11 53497.68000801 19.031
 38  65.857197  65.793122     6.588     6.612 14 53532.67999038 22.662
 40  65.859743  65.796311     4.211     4.196 16 53602.67995600 29.038
 41  65.843552  65.784641     3.646     3.199 11 53637.67995228 23.953
 42  65.848226  65.786659     2.371     2.083 12 53672.67997307 24.003
 43  65.855913  65.803405     2.431     2.476 14 53707.67990749 18.990
 44  65.853821  65.813735     3.140     3.028 13 53742.67982088 16.587
 45  65.855154  65.790069     3.373     3.148 13 53777.67984256 14.499
 46  65.853707  65.809715     4.560     4.624 14 53812.67982244 11.759
 47  65.844703  65.784983     3.985     4.205 11 53847.67987240 10.162
 49  65.847730  65.787183     6.272     6.250 12 53917.67995475 20.690
 50  65.848561  65.787500     5.155     5.451 12 53952.67995870 30.209
 52  65.847725  65.785745     3.552     3.343 11 54022.67993744 18.800
 53  65.856304  65.792099     2.955     2.863 14 54057.67993048 19.054
 54  65.859587  65.795742     3.622     3.688 16 54092.67991278 15.396
 55  65.844766  65.784779     4.559     4.265 11 54127.67984700 16.581
 56  65.854093  65.791042     5.122     5.291 14 54162.67988122 12.791
 57  65.847454  65.785907    19.071    24.277 12 54197.67984939  4.656
 58  65.850663  65.789250     6.523     6.489 13 54232.67989453 31.177
 59  65.853583  65.790296     6.764     6.880 13 54267.67991312 22.798
 60  65.854459  65.790083     6.905     6.944 13 54302.67991701 25.702
 61  65.857228  65.792218     6.607     6.925 14 54337.67990341 25.482
 62  65.849006  65.788338     4.855     5.038 12 54372.67984987 31.335
 63  65.855339  65.789879     3.441     3.001 13 54407.67984826 50.517
 64  65.845891  65.782408     1.833     1.868 11 54442.67980900 22.591
 65  65.853902  65.790464     3.017     2.603 13 54477.67983732 14.662
 66  65.846787  65.784267     3.861     4.030 11 54512.67982456 13.271
 67  65.857087  65.791437     3.690     3.755 14 54547.67985131 11.859
 68  65.852388  65.789880     2.966     2.575 13 54582.67982127 11.225
 69  65.852428  65.790787     6.586     6.622 13 54617.67984204 25.092
 70  65.852205  65.789275     6.414     6.448 13 54652.67985391 22.771
 71  65.856798  65.792139     4.835     5.374 15 54687.67984444 34.076
 72  65.845350  65.785237     3.884     3.878 11 54722.67980046 33.918
 73  65.854624  65.789912     3.208     2.776 13 54757.67981943 25.896
 74  65.844129  65.783427     2.783     2.852 11 54792.67979342 31.268
 75  65.851216  65.789595     3.707     3.317 13 54827.67981751 12.094
 76  65.848175  65.785148     4.143     4.241 11 54862.67978767 11.117
 77  65.855269  65.790620     4.165     4.150 14 54897.67981754 10.822
 78  65.848441  65.786119     4.837     4.596 12 54932.67978335 12.055
 79  65.850952  65.791718     5.543     5.515 12 54967.67981906 35.239
 80  65.852043  65.787595     6.618     6.545 12 55002.67983803 21.927
 81  65.854436  65.790024     6.127     6.116 13 55037.67982499 46.458
 82  65.857694  65.792720     4.701     4.961 14 55072.67981171 23.860
 83  65.847117  65.784546     4.054     3.664 11 55107.67975639 33.175
 84  65.854941  65.790283     2.614     2.663 14 55142.67976216 39.647
 85  65.845072  65.783941     2.682     2.573 11 55177.67972789 17.047
 86  65.853463  65.790030     3.100     3.019 13 55212.67975682 14.077
 87  65.849042  65.786728     3.447     3.038 12 55247.67972978 12.471
 88  65.856152  65.791020     3.984     3.642 14 55282.67975073 11.817
 89  65.852447  65.790000     3.188     3.102 13 55317.67972000 36.196
 90  65.854644  65.792294     6.454     6.463 14 55352.67972344 22.767
 91  65.844127  65.787182     5.294     5.674 10 55387.67971943 31.089
 92  65.851119  65.793677     5.160     5.259 11 55422.67974166 24.516
 93  65.859047  65.793190     4.224     4.219 14 55457.67971426 28.486
