# NaN NaN NaN ;Mean Elev.(m), Avg Gradient(m/km), RMS Gradient(m/km) - SRTM1     
#   12.009   0.224   9.260 ;Mean Elev.(m), Avg Gradient(m/km), RMS Gradient(m/km) - ASTER GDEM
#   27.136  -0.157   7.766 ;Mean Elev.(m), Avg Gradient(m/km), RMS Gradient(m/km) - GMTED2010 
  7  69.108076  61.208235    26.142    26.200  3 52466.68093160 31.981
  8  69.112470  61.208903    25.191    25.188  3 52501.68092414 33.339
  9  69.095421  61.204427    23.105    23.105  2 52536.68090989 22.488
 10  69.104207  61.208215    21.822    21.822  2 52571.68094625 18.581
 11  69.115009  61.209663    20.145    20.159  3 52606.68090803 34.075
 12  69.100744  61.206229    20.651    20.651  2 52641.68090329 15.731
 13  69.115530  61.209200    19.197    19.197  2 52676.68089140 14.616
 14  69.101285  61.206158    21.950    21.765  3 52711.68091993 13.455
 15  69.105984  61.208117    24.050    24.018  3 52746.68094723 14.940
 16  69.096038  61.205604    24.684    24.701  3 52781.68088582 44.901
 17  69.095544  61.205717    25.700    25.700  2 52816.68096585 49.564
 19  69.104531  61.207303    21.147    21.147  2 52886.68105120 16.720
 20  69.115141  61.209500    17.797    17.804  3 52921.68100662 50.422
 21  69.104969  61.207968    17.883    17.883  2 52956.68097156 30.567
 22  69.110484  61.208431    18.026    18.025  3 52991.68099045 18.302
 23  69.122727  61.210270    18.924    18.924  2 53026.68095654 13.806
 24  69.113096  61.208011    22.277    22.218  3 53061.68096573 11.161
 25  69.110055  61.209728    24.046    24.051  3 53096.68099202  8.664
 26  69.111833  61.207788    19.324    19.324  3 53131.68096473 38.375
 28  69.105955  61.208405    24.337    24.337  2 53201.68104182 52.578
 29  69.120152  61.210675    19.416    19.416  2 53236.68101104 25.061
 30  69.097782  61.205344    19.638    19.394  3 53271.68096883 37.274
 31  69.098107  61.206561    19.071    19.071  2 53306.68103317 38.634
 32  69.113122  61.207935    20.692    20.742  3 53341.68100042 39.722
 33  69.121054  61.209863    19.996    19.996  2 53376.68093307 38.413
 34  69.111689  61.207532    18.499    18.491  3 53411.68097560 21.639
 35  69.095048  61.205055    20.406    20.406  2 53446.68095879 12.766
 36  69.097397  61.206112    18.690    18.690  2 53481.68104437 35.668
 37  69.110997  61.207716    24.607    24.601  3 53516.68104729 47.947
 38  69.104539  61.208225    24.135    24.135  2 53551.68106793 24.158
 39  69.115846  61.209854    20.677    20.677  2 53586.68102306 31.664
 40  69.091612  61.204055    19.633    19.633  2 53621.68098665 24.419
 41  69.101380  61.207162    19.064    19.064  2 53656.68101505 20.223
 42  69.110618  61.208247    17.317    17.317  2 53691.68100212 42.734
 43  69.124090  61.208688    19.518    19.518  2 53726.68092551 29.674
 44  69.106621  61.208172    18.730    18.730  2 53761.68087767 13.621
 45  69.118497  61.210404    18.059    18.059  2 53796.68089124 12.530
 47  69.101841  61.206212    20.310    20.310  2 53866.68094894 28.055
 48  69.106082  61.208728    24.344    24.344  3 53901.68097860 42.976
 49  69.098400  61.207044    23.716    23.716  2 53936.68101759 23.424
 50  69.110145  61.208939    19.840    19.840  2 53971.68098318 22.367
 51  69.099398  61.207227    21.315    21.315  2 54006.68096600 14.086
 53  69.113466  61.208989    21.171    21.171  2 54076.68098663 35.450
 54  69.120613  61.210427    19.023    19.023  2 54111.68092758 15.994
 55  69.104061  61.206755    23.742    24.102  3 54146.68092824 11.911
 56  69.119045  61.209734    23.747    23.747  2 54181.68091466 13.185
 57  69.103050  61.206870    21.957    21.957  2 54216.68093663 31.326
 58  69.106832  61.206880    25.278    25.291  3 54251.68096288 34.492
 59  69.112623  61.208013    26.474    26.342  3 54286.68096833 30.958
 60  69.110750  61.208512    25.292    25.292  2 54321.68096551 28.663
 61  69.118604  61.211526    23.224    23.224  2 54356.68092576 21.956
 62  69.108569  61.208647    21.373    21.373  2 54391.68090614 16.609
 63  69.113581  61.209668    19.727    19.727  2 54426.68087552 32.803
 64  69.104491  61.207948    20.551    20.551  2 54461.68088336 13.420
 65  69.114640  61.209207    23.221    23.221  2 54496.68088273 14.149
 66  69.107635  61.208218    24.269    24.269  2 54531.68089639 11.765
 67  69.119065  61.209973    18.257    18.257  2 54566.68088826 24.175
 68  69.107555  61.206997    23.540    23.560  3 54601.68089175 45.507
 69  69.108244  61.208529    25.240    25.240  2 54636.68090350 46.735
 70  69.110232  61.208264    21.943    21.943  2 54671.68090709 27.348
 71  69.116198  61.210082    20.178    20.178  2 54706.68086765 22.055
