# NaN NaN NaN ;Mean Elev.(m), Avg Gradient(m/km), RMS Gradient(m/km) - SRTM1     
#    1.178  -0.755   2.548 ;Mean Elev.(m), Avg Gradient(m/km), RMS Gradient(m/km) - ASTER GDEM
#    0.000  -1.459   4.343 ;Mean Elev.(m), Avg Gradient(m/km), RMS Gradient(m/km) - GMTED2010 
  6  70.211184  66.425128     2.021     2.031 49 52419.66602233 48.055
  7  70.208194  66.433873     5.605     2.249 47 52454.66604870  9.776
  8  70.224194  66.429241     1.262     1.346 53 52489.66602379 17.469
  9  70.228599  66.429093     0.994     1.235 54 52524.66600093 15.977
 10  70.209671  66.426740     0.487     0.571 49 52559.66605027 39.965
 11  70.214343  66.426634     0.539     0.500 50 52594.66605498 26.661
 12  70.211688  66.425733     0.437     0.397 49 52629.66598530 14.464
 13  70.217600  66.427456     0.473     0.469 52 52664.66601666 12.825
 14  70.211158  66.425077     0.488     0.490 49 52699.66599017 10.297
 15  70.229106  66.427349     0.473     0.378 54 52734.66601906 10.232
 16  70.229743  66.429218     0.759     0.740 55 52769.66601172 43.782
 17  70.204053  66.425606     1.411     1.390 47 52804.66604405 14.066
 18  70.209747  66.427674     1.309     1.300 49 52839.66610610 13.387
 20  70.230136  66.428686     0.128     0.100 55 52909.66611930 42.950
 21  70.209148  66.426678    -0.148    -0.099 49 52944.66605747 32.630
 23  70.221722  66.428820     0.126     0.110 53 53014.66610633 14.063
 24  70.208633  66.426773     0.191     0.208 48 53049.66607942 14.435
 25  70.217803  66.427326     0.358     0.330 51 53084.66611511 13.828
 26  70.207723  66.426439     0.176     0.224 48 53119.66608552  8.924
 27  70.209387  66.426136     1.078     1.528 48 53154.66613773 45.396
 28  70.223171  66.427468     1.363     1.376 53 53189.66612734 13.466
 29  70.225980  66.427433     0.590     0.748 53 53224.66613903 22.255
 30  70.225319  66.428641     0.234     0.210 54 53259.66611412 45.060
 31  70.202479  66.426164     0.770     0.795 47 53294.66614097 37.984
 32  70.219969  66.427916     0.336     0.358 52 53329.66611391 19.238
 33  70.231656  66.428584     0.264     0.214 55 53364.66606417 13.668
 34  70.211966  66.426567     0.310     0.348 50 53399.66608876 10.398
 35  70.229083  66.428448     0.335     0.311 54 53434.66607883 10.423
 36  70.208258  66.425609     0.368     0.409 48 53469.66612283  7.952
 37  70.215801  66.426711     0.930     0.948 51 53504.66616475 46.238
 38  70.218685  66.426842     0.964     1.063 51 53539.66616395 21.855
 39  70.221097  66.428210     1.165     1.198 52 53574.66616001 48.222
 40  70.231425  66.427822    -0.041     0.037 55 53609.66611005 37.729
 41  70.206678  66.426324     0.249     0.231 48 53644.66611324 42.025
 42  70.216634  66.427079     0.773     0.755 50 53679.66613054 32.150
 43  70.231838  66.428267     0.236     0.200 55 53714.66605847 13.427
 44  70.209245  66.425872     0.190     0.260 48 53749.66597435 12.590
 45  70.224550  66.428812     0.220     0.265 54 53784.66600494 11.473
 46  70.239117  66.429017     0.339     0.257 57 53819.66596473 10.106
 47  70.207509  66.426377     0.444     0.482 48 53854.66604709  7.979
 49  70.206602  66.426272    -0.897     0.362 48 53924.66612250 23.136
 50  70.218787  66.426899     0.870     0.907 51 53959.66611191 15.531
 51  70.201583  66.425125    -0.146     0.266 46 53994.66604558 36.025
 52  70.211761  66.425817     0.391     0.362 49 54029.66610305 31.698
 53  70.225593  66.427548     0.027     0.033 53 54064.66609662  9.180
 54  70.228171  66.429024     0.198     0.116 54 54099.66606240  8.763
 55  70.207089  66.428032     0.702     0.806 47 54134.66602229 10.459
 57  70.209020  66.425113     0.705     0.757 48 54204.66602598  5.789
 58  70.218691  66.426845     1.730     1.726 51 54239.66606039 26.023
 59  70.219751  66.427276     1.751     1.748 51 54274.66607709 11.387
 61  70.230664  66.428515    -0.834     0.824 55 54344.66605492 23.671
 62  70.211998  66.426624    -0.318     0.214 50 54379.66601467 35.258
 63  70.222268  66.428227     0.884     0.892 52 54414.66600327 36.415
 64  70.207948  66.426758     0.406     0.420 49 54449.66598211 25.650
 65  70.219244  66.427938     0.403     0.420 52 54484.66599798 16.458
 66  70.213314  66.426068     0.474     0.499 50 54519.66599537 15.605
 67  70.225871  66.429024     0.594     0.525 54 54554.66600953  6.506
 68  70.214053  66.427467     0.586     0.602 50 54589.66599165 13.274
 69  70.220020  66.428375     2.265     2.274 52 54624.66600854 12.446
 70  70.216292  66.426873     1.247     1.247 50 54659.66601689 12.120
 71  70.225624  66.427222    -0.122     0.164 53 54694.66599626 39.159
 72  70.212172  66.426494    -0.329    -0.001 49 54729.66597162 40.684
 73  70.217485  66.428378     0.319     0.339 51 54764.66597466 38.133
 74  70.208850  66.424836     0.247     0.294 48 54799.66596489 19.217
 75  70.219440  66.428117     0.359     0.371 52 54834.66596570 17.481
 76  70.209747  66.425761     0.319     0.385 48 54869.66596209 12.974
 77  70.227132  66.427607     0.309     0.314 54 54904.66597430 11.313
 78  70.212876  66.426226     0.458     0.491 49 54939.66595361  9.220
 79  70.213439  66.429177     1.384     1.361 49 54974.66598446 37.294
 80  70.220228  66.428201     1.461     1.458 52 55009.66599675 11.515
 81  70.217376  66.427465     0.931     0.989 52 55044.66598710 21.978
 82  70.226444  66.429567     0.171     0.233 54 55079.66596314 43.608
 83  70.213408  66.426944     0.250     0.248 50 55114.66591925 45.737
 84  70.217498  66.428401     0.296     0.330 51 55149.66591920 20.197
 85  70.209132  66.425929     0.287     0.299 48 55184.66590282 13.642
 86  70.220593  66.428529     0.197     0.304 52 55219.66591708 19.830
 87  70.213553  66.426097     0.281     0.281 50 55254.66589864 13.313
 88  70.226363  66.429809     0.365     0.364 54 55289.66590676 12.038
 89  70.217403  66.426556     0.253     0.380 51 55324.66588539 28.522
 90  70.220416  66.427969     1.227     1.247 52 55359.66588326 15.621
 91  70.212477  66.426783     0.568     0.751 50 55394.66588789 17.463
 92  70.217857  66.428025    -0.015     0.268 52 55429.66589904 27.661
 93  70.231336  66.429296     0.115     0.147 55 55464.66586112 39.751
