# NaN NaN NaN ;Mean Elev.(m), Avg Gradient(m/km), RMS Gradient(m/km) - SRTM1     
#   10.004  -0.171   3.500 ;Mean Elev.(m), Avg Gradient(m/km), RMS Gradient(m/km) - ASTER GDEM
#   24.265  -0.183   2.026 ;Mean Elev.(m), Avg Gradient(m/km), RMS Gradient(m/km) - GMTED2010 
  8    24.106 52485.68298658 28.32  68.176270  61.497256 12.330
  8    23.726 52485.68298723 26.39  68.173890  61.500416 12.330
  9    20.904 52520.68295229 32.00  68.180823  61.497343 20.628
  9    20.716 52520.68295294 32.38  68.178433  61.500493 20.628
 10    22.754 52555.68300377 29.42  68.161311  61.496346 17.580
 10    22.390 52555.68300441 24.26  68.158931  61.499496 17.580
 10    22.228 52555.68300505 19.64  68.156541  61.502656 17.580
 10    22.106 52555.68300570 19.75  68.154151  61.505806 17.580
 11    17.564 52590.68299340 40.14  68.172004  61.497947 29.792
 11    17.733 52590.68299405 40.40  68.169614  61.501097 29.792
 12    19.344 52625.68291852 27.16  68.191667  61.492800  9.063
 12    19.386 52625.68291917 26.81  68.189277  61.495950  9.063
 14    19.513 52695.68293822 16.34  68.161808  61.497775  5.305
 14    19.842 52695.68293886 16.51  68.159418  61.500935  5.305
 14    19.731 52695.68293951 16.22  68.157028  61.504085  5.305
 14    19.691 52695.68294015 15.77  68.154638  61.507235  5.305
 15    20.558 52730.68296656  8.65  68.180288  61.496246  3.678
 15    20.062 52730.68296721  8.35  68.177898  61.499396  3.678
 16    19.225 52765.68297674 30.72  68.179514  61.496406 23.653
 16    19.235 52765.68297739 34.39  68.177124  61.499566 23.653
 17    22.900 52800.68297196 36.86  68.163311  61.497349 24.753
 17    22.738 52800.68297261 33.75  68.160921  61.500509 24.753
 17    22.604 52800.68297325 29.49  68.158541  61.503659 24.753
 17    22.309 52800.68297389 29.10  68.156151  61.506809 24.753
 18    23.003 52835.68303870 28.64  68.169398  61.494945 27.895
 18    22.592 52835.68303935 24.69  68.167008  61.498095 27.895
 18    22.484 52835.68303999 24.02  68.164618  61.501255 27.895
 18    22.289 52835.68304064 21.29  68.162238  61.504405 27.895
 19    17.323 52870.68308017 30.84  68.173811  61.497480 21.736
 19    17.216 52870.68308081 29.51  68.171421  61.500630 21.736
 20    15.693 52905.68307943 31.62  68.178085  61.496629 19.360
 20    15.897 52905.68308007 39.86  68.175695  61.499779 19.360
 21    19.770 52940.68301193 22.06  68.161286  61.498008 14.971
 21    19.201 52940.68301257 22.63  68.158896  61.501158 14.971
 21    19.829 52940.68301321 22.75  68.156506  61.504318 14.971
 21    20.078 52940.68301386 21.06  68.154126  61.507468 14.971
 22    15.490 52975.68305830 31.15  68.166897  61.495504 12.755
 22    15.415 52975.68305895 28.60  68.164507  61.498654 12.755
 22    15.394 52975.68305959 27.76  68.162117  61.501804 12.755
 22    15.393 52975.68306024 25.48  68.159737  61.504964 12.755
 23    15.466 53010.68306285 19.47  68.169640  61.499667  6.983
 23    15.357 53010.68306350 18.40  68.167250  61.502817  6.983
 24    19.012 53045.68302589 18.65  68.162212  61.497751  6.765
 24    15.437 53045.68302654 17.33  68.159822  61.500901  6.765
 24    15.476 53045.68302718 18.06  68.157442  61.504061  6.765
 24    17.205 53045.68302783 16.55  68.155052  61.507211  6.765
 25    15.049 53080.68305968 17.79  68.170631  61.497404  5.883
 25    15.266 53080.68306032 16.42  68.168251  61.500564  5.883
 25    15.182 53080.68306097 16.72  68.165861  61.503714  5.883
 26    23.270 53115.68303046  6.49  68.159409  61.496799  2.220
 26    23.201 53115.68303111  5.95  68.157019  61.499949  2.220
 26    22.895 53115.68303175  6.03  68.154639  61.503109  2.220
 26    22.668 53115.68303239  5.38  68.152249  61.506259  2.220
 26    21.978 53115.68303304  5.55  68.149859  61.509409  2.220
 27    21.640 53150.68307725 32.40  68.168177  61.494842 12.059
 27    21.636 53150.68307789 33.29  68.165787  61.497992 12.059
 27    21.609 53150.68307854 29.91  68.163407  61.501152 12.059
 27    21.552 53150.68307918 27.09  68.161017  61.504302 12.059
 28    22.641 53185.68306625 45.32  68.178581  61.497286 24.597
 28    22.656 53185.68306689 44.86  68.176191  61.500436 24.597
 29    22.006 53220.68309202 23.13  68.177963  61.496426 17.806
 29    18.485 53220.68309267 20.98  68.175573  61.499576 17.806
 30    21.070 53255.68306884 16.30  68.179208  61.497311 14.823
 30    20.636 53255.68306948 13.24  68.176818  61.500461 14.823
 32    18.160 53325.68305449 34.44  68.180619  61.495336 18.478
 32    18.417 53325.68305513 39.84  68.178239  61.498486 18.478
 33    11.209 53360.68301308 23.46  68.187015  61.495003  7.751
 33    11.236 53360.68301373 22.26  68.184635  61.498163  7.751
 34    16.553 53395.68303337 22.46  68.163532  61.497728  6.538
 34    16.812 53395.68303401 20.81  68.161142  61.500878  6.538
 34    16.783 53395.68303466 21.21  68.158762  61.504038  6.538
 34    16.657 53395.68303530 20.70  68.156372  61.507188  6.538
 35    15.761 53430.68302458 17.14  68.186439  61.494167  5.121
 35    15.665 53430.68302522 17.00  68.184059  61.497327  5.121
 36    19.821 53465.68305488  9.96  68.163741  61.497405  3.062
 36    20.027 53465.68305553  9.30  68.161351  61.500565  3.062
 36    20.148 53465.68305617  9.20  68.158971  61.503715  3.062
 36    19.965 53465.68305682  8.86  68.156581  61.506865  3.062
 37    21.726 53500.68311437 51.90  68.167106  61.496188 30.187
 37    21.749 53500.68311501 50.14  68.164716  61.499338 30.187
 37    21.735 53500.68311566 52.15  68.162336  61.502488 30.187
 37    21.725 53500.68311630 50.74  68.159946  61.505648 30.187
 38    22.671 53535.68310305 47.49  68.176823  61.498081 26.087
 38    22.693 53535.68310370 49.02  68.174433  61.501231 26.087
 39    20.484 53570.68311290 42.08  68.169322  61.498920 26.195
 39    20.367 53570.68311354 44.46  68.166942  61.502080 26.195
 40    19.930 53605.68305924 21.66  68.187689  61.494568 12.348
 40    19.728 53605.68305989 12.58  68.185309  61.497728 12.348
 41    17.640 53640.68306017 21.13  68.160609  61.497397 19.191
 41    17.384 53640.68306081 19.28  68.158219  61.500557 19.191
 41    17.184 53640.68306146 16.19  68.155839  61.503707 19.191
 41    20.640 53640.68306210 14.36  68.153449  61.506857 19.191
 42    17.655 53675.68307911 16.26  68.168699  61.495216 16.083
 42    18.764 53675.68307975 15.19  68.166309  61.498366 16.083
 42    16.983 53675.68308040 17.93  68.163929  61.501526 16.083
 42    20.489 53675.68308104 17.00  68.161539  61.504676 16.083
 43    15.914 53710.68300837 42.02  68.189390  61.495005 23.506
 43    15.988 53710.68300901 39.89  68.187010  61.498165 23.506
 44    16.213 53745.68291908 23.78  68.162502  61.495998  6.852
 44    16.298 53745.68291973 24.35  68.160122  61.499158  6.852
 44    16.312 53745.68292037 23.87  68.157732  61.502308  6.852
 44    16.269 53745.68292101 22.36  68.155342  61.505458  6.852
 45    15.386 53780.68295013 16.65  68.178352  61.496758  5.198
 45    15.257 53780.68295077 17.17  68.175962  61.499908  5.198
 46    28.505 53815.68291766  9.80  68.197137  61.490329  3.293
 46    19.489 53815.68291831  9.82  68.194747  61.493489  3.293
 46    20.782 53815.68291895  8.93  68.192367  61.496639  3.293
 47    15.676 53850.68298626 17.37  68.160911  61.497124 11.809
 47    17.708 53850.68298690 16.69  68.158521  61.500274 11.809
 47    17.450 53850.68298755 15.87  68.156141  61.503434 11.809
 47    15.710 53850.68298819 19.84  68.153751  61.506584 11.809
 48    21.847 53885.68299571 20.15  68.179165  61.497205 21.565
 48    21.415 53885.68299635 14.92  68.176775  61.500355 21.565
 49    21.810 53920.68306532 20.94  68.162940  61.497933 24.736
 49    21.737 53920.68306596 19.18  68.160560  61.501093 24.736
 49    21.613 53920.68306661 17.94  68.158170  61.504243 24.736
 49    21.398 53920.68306725 17.39  68.155780  61.507393 24.736
 50    21.925 53955.68306282 22.26  68.167442  61.496394 16.708
 50    18.152 53955.68306347 19.81  68.165052  61.499544 16.708
 50    18.375 53955.68306411 18.08  68.162672  61.502704 16.708
 50    19.840 53955.68306476 14.31  68.160282  61.505854 16.708
 51    19.296 53990.68298027 23.32  68.194346  61.492968 13.413
 51    19.511 53990.68298092 14.30  68.191966  61.496118 13.413
 52    16.561 54025.68304693 23.14  68.165940  61.496128 18.526
 52    16.622 54025.68304758 23.15  68.163550  61.499278 18.526
 52    16.486 54025.68304822 23.41  68.161160  61.502438 18.526
 52    16.568 54025.68304887 20.73  68.158780  61.505588 18.526
 53    18.663 54060.68303977 39.89  68.179847  61.496919 23.311
 53    18.762 54060.68304042 36.38  68.177457  61.500069 23.311
 55    20.157 54130.68296105 13.18  68.162105  61.498001  3.507
 55    20.847 54130.68296170 12.59  68.159715  61.501151  3.507
 55    20.598 54130.68296234 12.34  68.157335  61.504311  3.507
 55    20.360 54130.68296299 12.31  68.154945  61.507461  3.507
 56    16.281 54165.68298595 11.52  68.177841  61.496492  3.975
 56    16.536 54165.68298660 11.22  68.175451  61.499642  3.975
 57    22.022 54200.68296373 17.83  68.165324  61.497254 16.737
 57    22.198 54200.68296437 12.07  68.162934  61.500404 16.737
 57    21.699 54200.68296502 11.56  68.160554  61.503564 16.737
 57    21.195 54200.68296566 12.64  68.158164  61.506714 16.737
 58    22.399 54235.68300144 23.30  68.170098  61.498966 30.043
 58    22.645 54235.68300209 20.41  68.167708  61.502126 30.043
 59    23.962 54270.68302143 36.37  68.175767  61.497058 24.864
 59    23.895 54270.68302207 34.56  68.173377  61.500208 24.864
 60    24.031 54305.68302458 27.40  68.171910  61.499165 18.639
 60    23.548 54305.68302523 25.00  68.169530  61.502325 18.639
 61    22.162 54340.68300620 21.63  68.180746  61.497020 18.778
 61    21.839 54340.68300684 18.64  68.178356  61.500170 18.778
 63    21.430 54410.68295321 17.28  68.173235  61.499221 13.609
 63    20.912 54410.68295385 18.03  68.170855  61.502381 13.609
 64    19.275 54445.68292208 23.81  68.164749  61.495335  7.668
 64    19.500 54445.68292273 21.69  68.162359  61.498485  7.668
 64    19.378 54445.68292337 21.68  68.159969  61.501635  7.668
 64    19.696 54445.68292402 20.91  68.157589  61.504795  7.668
 65    16.515 54480.68294445 22.18  68.173483  61.499331  7.566
 65    16.466 54480.68294509 20.35  68.171103  61.502491  7.566
 66    15.704 54515.68293611 23.71  68.167120  61.494405  8.501
 66    15.747 54515.68293675 23.02  68.164730  61.497565  8.501
 66    15.825 54515.68293739 24.36  68.162340  61.500715  8.501
 66    15.728 54515.68293804 23.23  68.159960  61.503865  8.501
 66    15.800 54515.68293868 21.70  68.157570  61.507025  8.501
 67    21.469 54550.68295684 13.60  68.180412  61.496409  3.732
 67    20.655 54550.68295748 14.25  68.178032  61.499559  3.732
 68    17.714 54585.68293236 24.81  68.171836  61.497167 18.712
 68    17.681 54585.68293300 23.44  68.169446  61.500317 18.712
 68    17.784 54585.68293365 24.06  68.167066  61.503467 18.712
 69    22.349 54620.68295178 23.89  68.172008  61.498823 28.003
 69    21.830 54620.68295242 18.49  68.169618  61.501973 28.003
 70    22.195 54655.68296211 24.58  68.171621  61.498721 32.006
 70    22.228 54655.68296276 22.50  68.169241  61.501871 32.006
 71    21.838 54690.68294715 24.27  68.177782  61.496581 17.235
 71    21.338 54690.68294780 16.31  68.175392  61.499731 17.235
 72    22.069 54725.68291246 19.75  68.167099  61.495465 19.753
 72    21.749 54725.68291310 17.76  68.164709  61.498625 19.753
 72    21.493 54725.68291375 16.94  68.162319  61.501775 19.753
 72    16.913 54725.68291439 17.59  68.159929  61.504935 19.753
 73    17.011 54760.68292411 53.37  68.173177  61.498523 26.832
 73    16.893 54760.68292476 53.06  68.170797  61.501673 26.832
 74    16.749 54795.68290590 42.53  68.161618  61.496356 22.506
 74    16.559 54795.68290654 30.71  68.159228  61.499506 22.506
 74    16.755 54795.68290719 32.97  68.156838  61.502656 22.506
 74    16.875 54795.68290783 41.78  68.154458  61.505816 22.506
 75    18.022 54830.68292449 25.14  68.172252  61.499026  8.830
 75    17.917 54830.68292514 23.79  68.169872  61.502176  8.830
 76    16.655 54865.68290048 18.99  68.167435  61.494732  5.890
 76    16.727 54865.68290112 19.81  68.165045  61.497882  5.890
 76    16.901 54865.68290177 19.21  68.162655  61.501032  5.890
 76    16.915 54865.68290241 18.43  68.160265  61.504192  5.890
 77    16.002 54900.68292315 19.33  68.175863  61.498375  6.103
 77    15.752 54900.68292380 17.45  68.173473  61.501525  6.103
 78    16.112 54935.68289251 18.27  68.168372  61.497965 10.950
 78    16.015 54935.68289316 15.33  68.165992  61.501115 10.950
 78    15.880 54935.68289380 14.02  68.163602  61.504275 10.950
 79    21.791 54970.68292551 17.51  68.170742  61.499560 27.234
 79    21.273 54970.68292616 16.43  68.168362  61.502710 27.234
 80    21.726 55005.68294463 23.33  68.171383  61.497982 27.290
 80    20.937 55005.68294528 17.06  68.168993  61.501142 27.290
 81    21.390 55040.68293267 15.33  68.173436  61.498880 25.024
 81    20.427 55040.68293331 15.26  68.171056  61.502030 25.024
 82    17.459 55075.68291424 30.46  68.178770  61.497459 14.306
 82    17.178 55075.68291488 29.81  68.176380  61.500619 14.306
 83    21.913 55110.68286460 17.81  68.168818  61.495321 17.277
 83    21.400 55110.68286525 14.24  68.166428  61.498471 17.277
 83    16.960 55110.68286589 15.78  68.164038  61.501621 17.277
 83    16.749 55110.68286653 15.41  68.161658  61.504781 17.277
 84    16.080 55145.68286753 39.37  68.173044  61.498080 23.032
 84    16.076 55145.68286817 38.56  68.170664  61.501230 23.032
 85    17.100 55180.68284214 29.11  68.162730  61.497144 11.928
 85    17.182 55180.68284279 28.72  68.160340  61.500294 11.928
 85    17.217 55180.68284343 28.61  68.157950  61.503444 11.928
 85    17.125 55180.68284408 26.71  68.155570  61.506604 11.928
 86    16.304 55215.68286165 15.65  68.176896  61.495996  4.976
 86    16.257 55215.68286230 16.01  68.174506  61.499146  4.976
 86    16.280 55215.68286294 14.87  68.172126  61.502296  4.976
 87    15.853 55250.68283889 13.36  68.167991  61.497727  4.131
 87    16.401 55250.68283954 12.93  68.165601  61.500877  4.131
 87    18.798 55250.68284018 12.38  68.163221  61.504027  4.131
 88    20.661 55285.68285556 11.80  68.178641  61.496871  3.306
 88    21.282 55285.68285620 10.33  68.176251  61.500021  3.306
 89    21.606 55320.68282931 33.04  68.173000  61.497222 26.801
 89    19.425 55320.68282995 42.44  68.170610  61.500372 26.801
 89    19.328 55320.68283060 43.80  68.168230  61.503522 26.801
 90    22.760 55355.68283014 19.12  68.173118  61.499398 23.230
 90    22.373 55355.68283079 17.99  68.170738  61.502548 23.230
 91    22.528 55390.68282974 26.71  68.168125  61.494780 26.977
 91    22.348 55390.68283038 20.12  68.165735  61.497930 26.977
 91    22.054 55390.68283103 19.46  68.163355  61.501080 26.977
 91    21.908 55390.68283167 17.68  68.160965  61.504240 26.977
 92    21.548 55425.68284711 16.79  68.172616  61.499547 24.474
 92    19.950 55425.68284776 13.91  68.170236  61.502697 24.474
 93    16.896 55460.68281393 41.76  68.184038  61.494579 19.846
 93    16.896 55460.68281458 35.33  68.181658  61.497729 19.846
