# NaN NaN NaN ;Mean Elev.(m), Avg Gradient(m/km), RMS Gradient(m/km) - SRTM1     
#   -6.000  -1.870   6.965 ;Mean Elev.(m), Avg Gradient(m/km), RMS Gradient(m/km) - ASTER GDEM
#    2.653  -2.384   6.721 ;Mean Elev.(m), Avg Gradient(m/km), RMS Gradient(m/km) - GMTED2010 
  7  65.570593  64.683040    11.027    11.016  3 52459.28576548 28.553
  9  65.580914  64.679480     9.852     9.765  4 52529.28573530 24.552
 10  65.579988  64.679384     8.116     8.171  5 52564.28576038 20.953
 11  65.562026  64.688053     6.829     6.829  2 52599.28578542 32.887
 12  65.575539  64.682983     6.584     6.557  3 52634.28573873 18.847
 13  65.567812  64.685074     5.722     5.722  2 52669.28575072 15.400
 14  65.579620  64.680241     7.361     6.955  5 52704.28573550 12.003
 15  65.565706  64.686258    10.217    10.217  2 52739.28577194  7.736
 16  65.564404  64.687446     9.431     9.431  2 52774.28572159 32.359
 17  65.574283  64.680317    10.354    10.296  3 52809.28579483 23.540
 18  65.577072  64.681794    10.094    10.114  4 52844.28585130 25.794
 19  65.570197  64.683869     7.129     6.755  3 52879.28588907 21.646
 20  65.566174  64.685996     6.570     5.526  3 52914.28584670 21.015
 21  65.584220  64.677185     4.784     4.607  3 52949.28580661 46.014
 22  65.575548  64.681109     4.414     4.340  3 52984.28583444 18.827
 23  65.564953  64.685693     7.211     7.211  2 53019.28582564 10.111
 24  65.579576  64.680187     7.306     7.530  4 53054.28581074 12.604
 25  65.556098  64.689469     8.589     8.589  2 53089.28584710  9.155
 26  65.575961  64.680888     9.244     9.360  3 53124.28581816  9.931
 27  65.567561  64.685062     9.981     9.981  2 53159.28587685 23.315
 28  65.571670  64.683499     9.679     9.683  3 53194.28587227 19.148
 29  65.571418  64.684551     7.726     7.726  2 53229.28586400 20.602
 30  65.557162  64.689101     7.199     8.032  3 53264.28583526 19.972
 31  65.566747  64.684080     7.892     7.892  2 53299.28588016 21.566
 32  65.568480  64.684030     5.650     5.683  3 53334.28585082 28.907
 33  65.560335  64.686838     5.484     5.484  2 53369.28579148 20.275
 34  65.574712  64.682762     4.508     4.465  3 53404.28582342 16.026
 35  65.562536  64.687678     4.242     4.242  2 53439.28581080 12.940
 36  65.571185  64.684047     5.246     5.246  2 53474.28587135 10.623
 37  65.568895  64.683632    10.913    10.913  2 53509.28589132 50.770
 38  65.563588  64.685101     9.791     9.791  2 53544.28590521 18.331
 39  65.563810  64.686877     8.435     8.435  2 53579.28588479 42.619
 40  65.558132  64.688968     5.244     5.244  2 53614.28583831 52.045
 41  65.575925  64.680902     5.579     5.479  3 53649.28584620 26.846
 42  65.564340  64.686924     4.426     4.426  2 53684.28585912 45.123
 43  65.564147  64.686975     4.467     4.467  2 53719.28578584 24.215
 44  65.582572  64.678662     4.572     4.623  5 53754.28570943 13.374
 45  65.570922  64.684539     4.015     3.917  3 53789.28573874 14.101
 46  65.586469  64.678928     5.116     5.243  6 53824.28569483 12.106
 47  65.570227  64.682889     6.978     6.914  3 53859.28578772  8.391
 48  65.575112  64.682507     9.777     9.770  3 53894.28580424 20.689
 49  65.561817  64.686889     9.736     9.736  2 53929.28585934 47.480
 50  65.559682  64.687400     7.308     7.263  3 53964.28583939 34.705
 51  65.586262  64.677822     8.590     8.356  5 53999.28579318 20.647
 54  65.558634  64.687424     5.677     5.695  3 54104.28578859 17.819
 55  65.574397  64.682470     6.121     6.008  3 54139.28576343 14.072
 56  65.564451  64.687763     7.747     7.747  2 54174.28576740 13.480
 57  65.573356  64.682620     4.330     4.323  3 54209.28576973 16.043
 58  65.569957  64.683388    10.495    10.384  3 54244.28580062 23.930
 59  65.570193  64.683697    10.934    10.945  3 54279.28581281 25.549
 60  65.569497  64.684875    10.905    10.815  3 54314.28581244 26.175
 61  65.562608  64.687033     9.819     9.819  2 54349.28578198 20.091
 62  65.573195  64.681212     8.148     8.145  3 54384.28575114 28.932
 63  65.562692  64.685319     5.433     5.433  2 54419.28573199 42.092
 64  65.578283  64.679877     4.649     4.662  4 54454.28572229 21.815
 65  65.568431  64.685397     5.726     5.841  3 54489.28573115 15.782
 66  65.573938  64.681488     7.856     7.925  3 54524.28573517 14.888
 67  65.564949  64.687648     8.226     8.226  2 54559.28574006  6.850
 68  65.569319  64.683707     6.174     6.174  2 54594.28573070 23.208
 69  65.568068  64.684414    10.096    10.096  2 54629.28574524 20.561
 70  65.569381  64.685138     9.811     9.678  3 54664.28575201 19.097
 71  65.563802  64.686972     8.327     8.327  2 54699.28572367 21.262
 72  65.576527  64.682307     7.812     8.241  3 54734.28571040 24.200
 74  65.573865  64.681325     5.580     5.531  3 54804.28570463 23.941
 75  65.569672  64.684083     5.867     5.867  2 54839.28569819 14.745
 76  65.573682  64.683760     5.245     5.263  3 54874.28570424 13.345
 77  65.560433  64.687384     7.854     7.872  3 54909.28570441 13.253
 78  65.573969  64.683108     9.110     9.110  2 54944.28569690 12.225
 79  65.568472  64.685068    10.033    10.033  2 54979.28572365 25.067
 80  65.568406  64.684582     9.872     9.872  2 55014.28572827 19.105
 81  65.570719  64.684655     8.936     8.936  2 55049.28572157 18.877
 82  65.559805  64.687442     8.807     8.807  2 55084.28568968 17.128
 83  65.576810  64.682239     8.586     8.740  3 55119.28565391 19.175
 84  65.565519  64.686181     4.221     4.218  3 55154.28564909 31.403
 85  65.573702  64.680584     4.761     4.810  3 55189.28564344 17.828
 87  65.571346  64.683116     4.696     4.695  3 55259.28563907 13.546
 88  65.563270  64.687910     7.297     7.297  2 55294.28563486 12.935
 89  65.568611  64.685016     9.817     9.817  2 55329.28562086 49.650
 90  65.565089  64.685238     9.755     9.755  2 55364.28561561 49.514
 91  65.575647  64.682491     9.256     9.240  3 55399.28562601 17.488
 92  65.569287  64.683819     8.236     8.236  2 55434.28563188 24.668
 93  65.559603  64.687826     7.323     7.323  2 55469.28558691 21.187
