# NaN NaN NaN ;Mean Elev.(m), Avg Gradient(m/km), RMS Gradient(m/km) - SRTM1     
#    1.057  -0.186   4.562 ;Mean Elev.(m), Avg Gradient(m/km), RMS Gradient(m/km) - ASTER GDEM
#    1.416  -0.588   4.505 ;Mean Elev.(m), Avg Gradient(m/km), RMS Gradient(m/km) - GMTED2010 
  7    16.948 52475.28411893 29.48  64.881989  63.103324  7.759
  7    16.615 52475.28411958 27.80  64.879359  63.100184  7.759
  7    16.579 52475.28412022 26.31  64.876739  63.097054  7.759
  7    16.829 52475.28412087 24.95  64.874109  63.093924  7.759
  7    17.102 52475.28412151 27.43  64.871479  63.090784  7.759
  8    16.216 52510.28407706 25.26  64.882827  63.101509 26.124
  8    15.826 52510.28407770 25.14  64.880207  63.098379 26.124
  8    15.622 52510.28407835 27.50  64.877577  63.095239 26.124
  8    16.191 52510.28407899 27.41  64.874957  63.092109 26.124
  8    16.579 52510.28407964 29.01  64.872327  63.088969 26.124
  9    14.482 52545.28408688 31.93  64.899274  63.101859 15.579
  9    14.482 52545.28408753 32.60  64.896644  63.098719 15.579
  9    13.180 52545.28408817 36.79  64.894014  63.095589 15.579
  9    13.168 52545.28408882 34.85  64.891384  63.092449 15.579
  9    13.591 52545.28408946 29.11  64.888754  63.089319 15.579
  9    14.652 52545.28409011 27.72  64.886134  63.086189 15.579
  9    15.039 52545.28409075 30.77  64.883503  63.083051 23.206
 10    12.839 52580.28411749 26.25  64.887764  63.102407 12.233
 10    12.705 52580.28411814 28.50  64.885134  63.099277 12.233
 10    13.748 52580.28411878 27.59  64.882504  63.096137 12.233
 10    14.534 52580.28411943 25.42  64.879884  63.093007 12.233
 10    15.151 52580.28412007 24.45  64.877254  63.089867 12.233
 10    12.853 52580.28412072 32.11  64.874624  63.086737 12.233
 11    12.569 52615.28408552 22.47  64.876474  63.106490  4.351
 11    12.673 52615.28408616 21.88  64.873844  63.103350  4.351
 11    12.917 52615.28408681 20.08  64.871214  63.100220  4.351
 11    12.645 52615.28408745 20.18  64.868594  63.097080  4.351
 11    13.666 52615.28408810 19.39  64.865964  63.093950  4.351
 12    12.252 52650.28406379 17.47  64.897188  63.104208  3.231
 12    12.198 52650.28406443 17.14  64.894558  63.101078  3.231
 12    12.249 52650.28406508 16.84  64.891928  63.097938  3.231
 12    12.397 52650.28406572 17.30  64.889298  63.094808  3.231
 12    13.008 52650.28406637 16.23  64.886678  63.091678  3.231
 12    12.870 52650.28406701 16.21  64.884048  63.088538  3.231
 12    12.831 52650.28406766 15.87  64.881418  63.085408  3.231
 13    12.377 52685.28405055 11.22  64.883189  63.101602  2.813
 13    12.756 52685.28405119 10.89  64.880559  63.098472  2.813
 13    12.283 52685.28405184 11.27  64.877939  63.095332  2.813
 13    13.381 52685.28405248 10.67  64.875309  63.092202  2.813
 13    13.797 52685.28405313 10.89  64.872689  63.089062  2.813
 14    12.406 52720.28410202 11.77  64.885510  63.101298  2.226
 14    13.271 52720.28410267 11.51  64.882880  63.098158  2.226
 14    13.540 52720.28410331 11.15  64.880250  63.095028  2.226
 14    13.546 52720.28410396 11.38  64.877630  63.091888  2.226
 14    13.970 52720.28410460 10.94  64.875000  63.088758  2.226
 15    14.258 52755.28412551 18.17  64.869525  63.106577  7.202
 15    15.946 52755.28412616 19.38  64.866905  63.103447  7.202
 15    16.185 52755.28412680 19.50  64.864275  63.100307  7.202
 16    15.694 52790.28407431 23.71  64.898329  63.099814 35.542
 16    15.672 52790.28407495 21.34  64.895699  63.096674 35.542
 16    15.376 52790.28407560 23.60  64.893069  63.093544 35.542
 16    15.518 52790.28407624 21.79  64.890449  63.090404 35.542
 16    15.816 52790.28407689 22.83  64.887819  63.087274 35.542
 16    15.981 52790.28407753 39.51  64.885189  63.084134 35.542
 16    16.050 52790.28407818 34.21  64.882569  63.081004 35.542
 17    16.219 52825.28414381 44.07  64.897342  63.101669 37.180
 17    16.245 52825.28414446 43.25  64.894712  63.098539 37.180
 17    16.275 52825.28414510 39.71  64.892082  63.095399 37.180
 17    16.229 52825.28414574 32.00  64.889452  63.092269 37.180
 17    16.174 52825.28414639 29.59  64.886832  63.089129 37.180
 17    16.454 52825.28414703 34.21  64.884202  63.085999 37.180
 17    16.445 52825.28414768 31.02  64.881572  63.082859 37.180
 18    14.493 52860.28418983 32.85  64.897460  63.100847 16.072
 18    14.039 52860.28419047 34.93  64.894830  63.097717 16.072
 18    13.652 52860.28419112 36.79  64.892200  63.094577 16.072
 18    13.283 52860.28419176 31.74  64.889570  63.091447 16.072
 18    14.247 52860.28419241 25.69  64.886950  63.088307 16.072
 18    14.987 52860.28419305 24.46  64.884320  63.085177 16.072
 18    15.366 52860.28419370 27.51  64.881690  63.082037 16.072
 19    10.967 52895.28422051 26.86  64.882114  63.103297 16.892
 19    13.859 52895.28422116 21.22  64.879484  63.100167 16.892
 19    14.992 52895.28422180 19.68  64.876864  63.097037 16.892
 19    15.448 52895.28422245 19.76  64.874234  63.093897 16.892
 19    15.866 52895.28422309 20.30  64.871614  63.090767 16.892
 20    13.870 52930.28416916 21.53  64.873049  63.106329 18.600
 20    14.629 52930.28416980 20.35  64.870429  63.103189 18.600
 20    15.333 52930.28417045 21.52  64.867799  63.100059 18.600
 20    15.277 52930.28417109 23.39  64.865169  63.096919 18.600
 21    10.069 52965.28416098 24.43  64.899948  63.101046  9.063
 21     9.722 52965.28416163 24.81  64.897328  63.097906  9.063
 21     9.909 52965.28416227 23.88  64.894698  63.094776  9.063
 21    10.216 52965.28416292 23.97  64.892068  63.091636  9.063
 21    10.172 52965.28416356 30.54  64.889438  63.088506  9.063
 21    10.209 52965.28416421 27.83  64.886818  63.085376  9.063
 21    10.109 52965.28416485 22.92  64.884188  63.082236  9.063
 22    13.066 53000.28419549 15.40  64.877267  63.101589  3.903
 22    13.427 53000.28419613 14.29  64.874647  63.098449  3.903
 22    13.931 53000.28419678 14.25  64.872017  63.095319  3.903
 22    14.306 53000.28419742 13.23  64.869387  63.092179  3.903
 23    13.662 53035.28414424 13.07  64.874320  63.104909  4.731
 23    13.830 53035.28414489 12.82  64.871690  63.101779  4.731
 23    14.182 53035.28414553 12.00  64.869070  63.098639  4.731
 23    14.538 53035.28414618 11.74  64.866440  63.095509  4.731
 24    11.834 53070.28416345 14.41  64.888488  63.102949  3.183
 24    13.918 53070.28416409 13.18  64.885868  63.099809  3.183
 24    13.906 53070.28416474 13.08  64.883238  63.096679  3.183
 24    14.132 53070.28416538 12.49  64.880608  63.093539  3.183
 24    14.215 53070.28416603 12.20  64.877988  63.090409  3.183
 24    14.597 53070.28416667 12.31  64.875358  63.087269  3.183
 25     9.330 53105.28414523 13.63  64.872518  63.108061 11.409
 25    13.625 53105.28414588 10.34  64.869898  63.104921 11.409
 25    14.472 53105.28414652  9.69  64.867268  63.101791 11.409
 25    14.769 53105.28414717  9.53  64.864648  63.098651 11.409
 26    12.619 53140.28416915 37.21  64.895665  63.104242 35.058
 26    12.638 53140.28416979 32.28  64.893045  63.101102 35.058
 26    12.783 53140.28417044 31.83  64.890415  63.097972 35.058
 26    12.969 53140.28417108 50.56  64.887785  63.094832 35.058
 26    12.939 53140.28417173 52.82  64.885155  63.091702 35.058
 26    12.885 53140.28417237 32.44  64.882535  63.088572 35.058
 26    12.921 53140.28417302 42.06  64.879905  63.085432 35.058
 27    15.342 53175.28420324 20.30  64.889092  63.103493 35.330
 27    15.161 53175.28420389 18.09  64.886462  63.100353 35.330
 27    14.858 53175.28420453 19.05  64.883842  63.097223 35.330
 27    15.426 53175.28420518 18.04  64.881212  63.094083 35.330
 27    15.650 53175.28420582 20.40  64.878582  63.090953 35.330
 27    15.762 53175.28420647 26.60  64.875962  63.087813 35.330
 28    14.972 53210.28422188 29.28  64.881573  63.101680 37.670
 28    14.875 53210.28422253 21.66  64.878943  63.098540 37.670
 28    15.002 53210.28422317 22.27  64.876313  63.095410 37.670
 28    15.227 53210.28422381 24.09  64.873693  63.092270 37.670
 28    15.309 53210.28422446 28.99  64.871063  63.089140 37.670
 29    11.031 53245.28418975 26.80  64.881606  63.102096 24.107
 29    11.136 53245.28419039 30.24  64.878976  63.098956 24.107
 29    11.249 53245.28419104 27.01  64.876346  63.095826 24.107
 29    14.062 53245.28419168 23.49  64.873726  63.092686 24.107
 29    14.831 53245.28419232 23.87  64.871096  63.089556 24.107
 30    11.099 53280.28417133 43.88  64.898532  63.104750 21.246
 30    10.851 53280.28417198 39.75  64.895902  63.101610 21.246
 30    10.604 53280.28417262 24.35  64.893282  63.098480 21.246
 30    11.127 53280.28417327 20.33  64.890652  63.095340 21.246
 30    11.082 53280.28417391 30.25  64.888022  63.092210 21.246
 30    13.506 53280.28417455 21.34  64.885392  63.089080 21.246
 30    12.139 53280.28417520 26.34  64.882772  63.085940 21.246
 30    12.144 53280.28417584 41.38  64.880142  63.082810 21.246
 31    12.245 53315.28418916 40.20  64.889274  63.102442 21.538
 31    11.943 53315.28418980 32.17  64.886644  63.099312 21.538
 31    11.988 53315.28419044 33.86  64.884014  63.096172 21.538
 31    12.229 53315.28419109 40.60  64.881384  63.093042 21.538
 31    12.139 53315.28419173 47.18  64.878764  63.089902 21.538
 31    12.159 53315.28419238 40.91  64.876134  63.086772 21.538
 32    12.172 53350.28415487 19.49  64.885757  63.103066  5.732
 32    12.021 53350.28415551 19.48  64.883137  63.099936  5.732
 32    12.121 53350.28415616 20.81  64.880507  63.096796  5.732
 32    12.248 53350.28415680 19.97  64.877877  63.093666  5.732
 32    12.307 53350.28415745 19.34  64.875257  63.090526  5.732
 32    12.392 53350.28415809 17.69  64.872627  63.087396  5.732
 33    11.232 53385.28413430 16.45  64.898319  63.103535  4.053
 33    10.957 53385.28413494 16.69  64.895689  63.100405  4.053
 33    11.266 53385.28413559 14.72  64.893059  63.097265  4.053
 33    11.461 53385.28413623 13.43  64.890429  63.094135  4.053
 33    11.658 53385.28413688 12.81  64.887809  63.090995  4.053
 33    12.178 53385.28413752 12.40  64.885179  63.087865  4.053
 33    11.694 53385.28413817 12.27  64.882549  63.084725  4.053
 34    10.636 53420.28413897 14.07  64.895787  63.104969  3.196
 34    10.236 53420.28413961 13.90  64.893157  63.101839  3.196
 34    10.972 53420.28414026 12.47  64.890537  63.098709  3.196
 34    11.881 53420.28414090 11.52  64.887907  63.095569  3.196
 34    10.838 53420.28414154 11.75  64.885277  63.092439  3.196
 34    12.520 53420.28414219 10.83  64.882657  63.089299  3.196
 34    11.563 53420.28414283 11.02  64.880027  63.086169  3.196
 35    14.332 53455.28414560 12.48  64.900894  63.098704  2.282
 35    14.248 53455.28414625 12.25  64.898264  63.095564  2.282
 35    14.219 53455.28414689 11.86  64.895634  63.092434  2.282
 35    14.101 53455.28414754 11.61  64.893014  63.089294  2.282
 35    14.658 53455.28414818 11.40  64.890384  63.086164  2.282
 35    15.365 53455.28414883 11.34  64.887754  63.083024  2.282
 35    15.812 53455.28414947 11.27  64.885134  63.079894  2.282
 36    12.546 53490.28423041 37.91  64.881637  63.103390 22.986
 36    12.635 53490.28423106 37.21  64.879007  63.100250 22.986
 36    12.496 53490.28423170 33.06  64.876377  63.097120 22.986
 36    14.245 53490.28423235 29.04  64.873757  63.093980 22.986
 36    12.646 53490.28423299 34.13  64.871127  63.090850 22.986
 37    15.368 53525.28421455 22.78  64.891280  63.103494 34.704
 37    15.203 53525.28421520 18.78  64.888660  63.100364 34.704
 37    14.857 53525.28421584 20.48  64.886030  63.097224 34.704
 37    15.140 53525.28421649 20.36  64.883400  63.094094 34.704
 37    15.360 53525.28421713 22.24  64.880780  63.090954 34.704
 37    15.780 53525.28421777 25.94  64.878150  63.087824 34.704
 37    15.964 53525.28421842 37.03  64.875530  63.084684 34.704
 38    15.349 53560.28424226 38.62  64.878214  63.105553 38.537
 38    15.446 53560.28424291 45.26  64.875594  63.102423 38.537
 38    15.531 53560.28424355 47.54  64.872964  63.099283 38.537
 38    15.539 53560.28424420 48.78  64.870334  63.096153 38.537
 38    15.575 53560.28424484 50.92  64.867714  63.093013 38.537
 39    12.402 53595.28418111 23.88  64.882414  63.101795 23.186
 39    12.540 53595.28418175 26.22  64.879794  63.098655 23.186
 39    12.472 53595.28418240 24.32  64.877164  63.095525 23.186
 39    14.706 53595.28418304 19.23  64.874544  63.092385 23.186
 39    14.940 53595.28418369 18.94  64.871914  63.089255 23.186
 40    14.427 53630.28417384 17.22  64.896933  63.103064 14.977
 40    14.437 53630.28417449 16.92  64.894303  63.099934 14.977
 40    13.429 53630.28417513 20.91  64.891673  63.096794 14.977
 40    13.203 53630.28417578 21.84  64.889043  63.093664 14.977
 40    11.337 53630.28417642 22.69  64.886423  63.090524 14.977
 40    12.105 53630.28417707 21.66  64.883793  63.087394 14.977
 40    12.133 53630.28417771 30.14  64.881163  63.084254 14.977
 41    13.764 53665.28419809 16.96  64.883119  63.101408 16.968
 41    13.784 53665.28419874 18.58  64.880489  63.098268 16.968
 41    13.628 53665.28419938 20.23  64.877859  63.095138 16.968
 41    13.856 53665.28420003 17.06  64.875239  63.091998 16.968
 41    14.442 53665.28420067 17.46  64.872609  63.088868 16.968
 42    10.281 53700.28415207 31.90  64.883898  63.103021 17.124
 42    10.141 53700.28415272 32.55  64.881268  63.099881 17.124
 42    10.243 53700.28415336 33.70  64.878638  63.096751 17.124
 42    10.323 53700.28415401 40.18  64.876018  63.093611 17.124
 42    10.363 53700.28415465 38.07  64.873388  63.090481 17.124
 42    10.353 53700.28415530 31.22  64.870768  63.087341 17.124
 44    12.757 53770.28406214 12.76  64.897147  63.103528  2.557
 44    13.702 53770.28406278 12.79  64.894517  63.100388  2.557
 44    14.047 53770.28406343 11.95  64.891897  63.097258  2.557
 44    14.028 53770.28406407 11.99  64.889267  63.094118  2.557
 44    13.986 53770.28406472 11.89  64.886637  63.090988  2.557
 44    14.832 53770.28406536 11.54  64.884017  63.087848  2.557
 44    15.102 53770.28406600 11.23  64.881387  63.084718  2.557
 45    15.398 53805.28405640 12.00  64.880037  63.101531  2.037
 45    14.965 53805.28405704 12.02  64.877417  63.098391  2.037
 45    15.117 53805.28405769 11.76  64.874787  63.095261  2.037
 45    15.112 53805.28405833 11.58  64.872167  63.092121  2.037
 45    15.629 53805.28405898 11.37  64.869537  63.088991  2.037
 47    14.161 53875.28412231 51.61  64.893076  63.103926 41.465
 47    14.227 53875.28412296 51.68  64.890446  63.100796 41.465
 47    14.271 53875.28412360 51.41  64.887816  63.097656 41.465
 47    14.262 53875.28412425 48.84  64.885186  63.094526 41.465
 47    14.074 53875.28412489 35.65  64.882566  63.091386 41.465
 47    14.086 53875.28412554 35.97  64.879936  63.088256 41.465
 47    14.288 53875.28412618 46.74  64.877306  63.085116 41.465
 49    14.586 53945.28418979 30.52  64.876295  63.104071 25.223
 49    14.614 53945.28419044 28.75  64.873675  63.100941 25.223
 49    14.682 53945.28419108 27.98  64.871045  63.097801 25.223
 49    15.213 53945.28419173 28.31  64.868415  63.094671 25.223
 50    14.501 53980.28413662 15.22  64.878077  63.105885 14.477
 50    14.555 53980.28413726 16.07  64.875447  63.102745 14.477
 50    14.917 53980.28413791 18.20  64.872817  63.099615 14.477
 50    15.097 53980.28413855 19.83  64.870197  63.096475 14.477
 50    15.286 53980.28413920 23.83  64.867567  63.093345 14.477
 51    13.569 54015.28415532 17.92  64.899341  63.099448 24.500
 51    11.215 54015.28415596 21.17  64.896711  63.096318 24.500
 51    11.333 54015.28415661 31.89  64.894081  63.093178 24.500
 51    11.431 54015.28415725 31.60  64.891451  63.090048 24.500
 51    11.996 54015.28415790 23.21  64.888831  63.086908 24.500
 51    12.581 54015.28415854 24.95  64.886201  63.083778 24.500
 51    12.489 54015.28415919 28.81  64.883571  63.080638 24.500
 52    12.121 54050.28415680 22.86  64.897416  63.105145 16.359
 52    12.061 54050.28415745 23.83  64.894786  63.102005 16.359
 52    11.937 54050.28415809 25.41  64.892156  63.098875 16.359
 52    12.008 54050.28415874 26.94  64.889526  63.095745 16.359
 52    12.295 54050.28415938 36.23  64.886906  63.092605 16.359
 52    12.349 54050.28416003 49.45  64.884276  63.089475 16.359
 52    12.346 54050.28416067 52.83  64.881656  63.086335 16.359
 52    12.190 54050.28416132 29.36  64.879026  63.083205 16.359
 54    14.264 54120.28407624 11.53  64.872745  63.107591  2.307
 54    14.312 54120.28407689 11.55  64.870125  63.104451  2.307
 54    14.250 54120.28407753 11.23  64.867495  63.101321  2.307
 54    14.502 54120.28407818 11.00  64.864875  63.098181  2.307
 56    15.203 54190.28407362  8.64  64.874989  63.104258  2.209
 56    14.691 54190.28407427  9.07  64.872359  63.101118  2.209
 56    14.732 54190.28407491  9.28  64.869739  63.097988  2.209
 56    14.934 54190.28407556  8.81  64.867109  63.094848  2.209
 57    15.637 54225.28411834 36.91  64.888015  63.101553 35.981
 57    15.699 54225.28411898 36.21  64.885385  63.098413 35.981
 57    15.731 54225.28411963 35.46  64.882755  63.095283 35.981
 57    15.683 54225.28412027 29.98  64.880135  63.092143 35.981
 57    15.733 54225.28412092 35.90  64.877502  63.089011 45.365
 57    15.790 54225.28412156 46.90  64.874882  63.085881 45.365
 58    16.069 54260.28413863 35.01  64.887104  63.101984 35.253
 58    15.919 54260.28413927 35.87  64.884474  63.098854 35.253
 58    16.031 54260.28413992 36.67  64.881854  63.095714 35.253
 58    16.165 54260.28414056 37.32  64.879224  63.092584 35.253
 58    16.377 54260.28414121 36.61  64.876594  63.089444 35.253
 58    16.472 54260.28414185 41.03  64.873967  63.086311 51.976
 59    17.142 54295.28414259 29.15  64.886896  63.102252 27.042
 59    16.661 54295.28414323 29.80  64.884266  63.099112 27.042
 59    16.533 54295.28414388 29.30  64.881646  63.095982 27.042
 59    16.943 54295.28414452 28.21  64.879016  63.092842 27.042
 59    17.330 54295.28414517 27.53  64.876392  63.089712 16.112
 59    17.393 54295.28414581 29.18  64.873762  63.086582 16.112
 60    16.477 54330.28413544 31.17  64.882675  63.102133 33.858
 60    16.582 54330.28413608 30.58  64.880055  63.098993 33.858
 60    16.726 54330.28413673 29.41  64.877425  63.095863 33.858
 60    16.987 54330.28413737 29.41  64.874805  63.092723 33.858
 60    17.011 54330.28413802 31.62  64.872175  63.089590 43.394
 61    13.513 54365.28407980 23.06  64.875416  63.104871 13.547
 61    15.317 54365.28408045 22.60  64.872786  63.101731 13.547
 61    15.713 54365.28408109 21.17  64.870166  63.098601 13.547
 61    15.661 54365.28408174 25.85  64.867536  63.095471 13.547
 62    11.190 54400.28407678 30.10  64.888311  63.102398 20.011
 62    11.411 54400.28407742 25.12  64.885681  63.099268 20.011
 62    11.407 54400.28407807 24.19  64.883051  63.096128 20.011
 62    14.132 54400.28407871 22.40  64.880424  63.092999 17.606
 62    14.931 54400.28407936 20.34  64.877804  63.089869 17.606
 62    14.972 54400.28408000 28.67  64.875174  63.086729 17.606
 63    10.739 54435.28403419 24.43  64.878767  63.104279  9.368
 63    10.899 54435.28403484 22.43  64.876137  63.101149  9.368
 63    10.997 54435.28403548 21.85  64.873507  63.098009  9.368
 63    11.058 54435.28403612 21.38  64.870881  63.094876  5.084
 63    14.340 54435.28403677 19.93  64.868261  63.091746  5.084
 64    12.100 54470.28406014 15.17  64.896071  63.102869  4.249
 64    12.085 54470.28406079 14.68  64.893451  63.099729  4.249
 64    12.223 54470.28406143 13.88  64.890821  63.096599  4.249
 64    13.040 54470.28406207 13.70  64.888191  63.093469  4.249
 64    13.538 54470.28406272 13.62  64.885566  63.090332  2.566
 64    13.839 54470.28406336 12.89  64.882936  63.087192  2.566
 64    14.346 54470.28406401 12.44  64.880316  63.084062  2.566
 65    13.941 54505.28404842 13.17  64.876868  63.102225  3.817
 65    14.042 54505.28404906 12.82  64.874248  63.099085  3.817
 65    14.393 54505.28404970 12.19  64.871618  63.095955  3.817
 65    14.639 54505.28405035 12.14  64.868998  63.092815  3.817
 66    15.185 54540.28407519 12.33  64.888316  63.103784  2.390
 66    14.905 54540.28407583 11.72  64.885696  63.100644  2.390
 66    14.800 54540.28407648 11.31  64.883066  63.097514  2.390
 66    14.397 54540.28407712 11.43  64.880436  63.094374  2.390
 66    14.443 54540.28407777 11.58  64.877816  63.091244  2.390
 66    14.576 54540.28407841 11.07  64.875186  63.088104  2.390
 67    10.637 54575.28404926 18.07  64.876181  63.102717 11.725
 67    13.715 54575.28404990  8.54  64.873551  63.099587 11.725
 67    14.369 54575.28405055  6.83  64.870931  63.096447 11.725
 67    13.404 54575.28405119  8.13  64.868301  63.093317 11.725
 68    14.764 54610.28406737 21.62  64.886923  63.103232 35.376
 68    15.106 54610.28406801 19.76  64.884293  63.100102 35.376
 68    14.848 54610.28406866 21.20  64.881673  63.096962 35.376
 68    15.154 54610.28406930 21.06  64.879043  63.093832 35.376
 68    15.375 54610.28406995 25.02  64.876423  63.090692 35.376
 68    15.543 54610.28407059 30.18  64.873793  63.087562 35.376
 69    15.118 54645.28407555 21.01  64.883797  63.101330 28.885
 69    15.137 54645.28407619 19.85  64.881177  63.098190 28.885
 69    15.559 54645.28407684 20.18  64.878547  63.095060 28.885
 69    15.928 54645.28407748 22.85  64.875917  63.091920 28.885
 69    16.080 54645.28407813 29.42  64.873297  63.088790 28.885
 70    13.698 54680.28407655 41.60  64.883967  63.102502 28.883
 70    13.657 54680.28407720 43.03  64.881337  63.099372 28.883
 70    13.636 54680.28407784 39.54  64.878717  63.096232 28.883
 70    13.697 54680.28407848 41.87  64.876087  63.093102 28.883
 70    13.796 54680.28407913 42.71  64.873467  63.089962 28.883
 70    13.817 54680.28407977 39.28  64.870837  63.086832 28.883
 71    13.287 54715.28402659 18.02  64.877905  63.105945 16.217
 71    13.652 54715.28402724 19.22  64.875275  63.102815 16.217
 71    15.018 54715.28402788 18.76  64.872655  63.099675 16.217
 71    15.222 54715.28402853 19.13  64.870025  63.096545 16.217
 71    15.493 54715.28402917 23.81  64.867405  63.093405 16.217
 72    11.083 54750.28404719 27.55  64.890090  63.102200 21.686
 72    11.271 54750.28404783 24.48  64.887470  63.099060 21.686
 72    11.377 54750.28404848 25.81  64.884840  63.095930 21.686
 72    11.240 54750.28404912 25.06  64.882210  63.092790 21.686
 72    14.061 54750.28404977 19.80  64.879590  63.089660 21.686
 72    14.937 54750.28405041 22.66  64.876960  63.086520 21.686
 73    11.946 54785.28401636 35.04  64.879157  63.101460 29.303
 73    11.963 54785.28401700 36.67  64.876537  63.098320 29.303
 73    12.018 54785.28401765 41.07  64.873907  63.095190 29.303
 73    12.040 54785.28401829 42.27  64.871287  63.092050 29.303
 73    11.929 54785.28401894 38.74  64.868657  63.088920 29.303
 74    12.947 54820.28403986 28.66  64.892492  63.103051  7.162
 74    12.873 54820.28404050 26.59  64.889872  63.099911  7.162
 74    12.438 54820.28404115 18.46  64.887242  63.096781  7.162
 74    12.654 54820.28404179 16.89  64.884612  63.093641  7.162
 74    12.970 54820.28404244 14.96  64.881982  63.090511  7.162
 74    12.894 54820.28404308 14.50  64.879362  63.087371  7.162
 74    12.634 54820.28404373 14.94  64.876732  63.084241  7.162
 75    12.279 54855.28401267 12.70  64.880322  63.101477  2.951
 75    13.026 54855.28401332 11.54  64.877692  63.098347  2.951
 75    13.087 54855.28401396 11.87  64.875072  63.095207  2.951
 75    12.461 54855.28401460 12.03  64.872442  63.092077  2.951
 75    12.387 54855.28401525 11.40  64.869822  63.088937  2.951
 76    12.357 54890.28404435 11.09  64.884052  63.103571  2.726
 76    11.536 54890.28404500 10.71  64.881432  63.100431  2.726
 76    13.344 54890.28404564  9.93  64.878802  63.097301  2.726
 76    13.115 54890.28404629 10.30  64.876172  63.094161  2.726
 76    13.685 54890.28404693  9.75  64.873552  63.091031  2.726
 76    13.940 54890.28404758  9.42  64.870922  63.087901  2.726
 77    15.448 54925.28401118  3.77  64.873543  63.105336  2.045
 77    14.949 54925.28401183  3.91  64.870923  63.102196  2.045
 77    15.161 54925.28401247  3.74  64.868293  63.099066  2.045
 77    15.273 54925.28401312  3.60  64.865673  63.095926  2.045
 78    14.491 54960.28404181 40.98  64.890399  63.103887 37.817
 78    14.558 54960.28404246 40.22  64.887769  63.100757 37.817
 78    14.533 54960.28404310 49.59  64.885149  63.097617 37.817
 78    14.592 54960.28404375 40.49  64.882519  63.094487 37.817
 78    14.595 54960.28404439 36.80  64.879889  63.091347 37.817
 78    14.570 54960.28404504 40.69  64.877269  63.088217 37.817
 78    14.553 54960.28404568 45.45  64.874639  63.085077 37.817
 79    15.564 54995.28406412 20.70  64.882914  63.102589 35.424
 79    14.571 54995.28406477 21.23  64.880294  63.099449 35.424
 79    15.072 54995.28406541 20.85  64.877664  63.096319 35.424
 79    15.354 54995.28406606 22.70  64.875034  63.093179 35.424
 79    15.704 54995.28406670 25.78  64.872414  63.090049 35.424
 80    14.994 55030.28405395 18.14  64.884025  63.102659 28.224
 80    15.050 55030.28405460 18.76  64.881405  63.099519 28.224
 80    14.988 55030.28405524 18.82  64.878775  63.096389 28.224
 80    14.600 55030.28405588 23.62  64.876145  63.093249 28.224
 80    15.414 55030.28405653 23.26  64.873525  63.090119 28.224
 80    15.173 55030.28405717 32.94  64.870895  63.086979 28.224
 81    13.233 55065.28404413 25.27  64.884309  63.104157 22.421
 81    13.276 55065.28404478 26.37  64.881679  63.101017 22.421
 81    12.769 55065.28404542 26.97  64.879049  63.097887 22.421
 81    13.863 55065.28404607 23.81  64.876429  63.094747 22.421
 81    15.104 55065.28404671 21.75  64.873799  63.091617 22.421
 81    15.343 55065.28404735 24.86  64.871179  63.088477 22.421
 82    10.848 55100.28398741 23.85  64.872329  63.105252 15.638
 82    10.875 55100.28398805 25.16  64.869699  63.102122 15.638
 82    15.143 55100.28398870 20.82  64.867079  63.098982 15.638
 82    15.255 55100.28398934 25.54  64.864449  63.095852 15.638
 83    11.107 55135.28398959 37.19  64.890108  63.102780 15.168
 83    10.926 55135.28399023 22.65  64.887488  63.099640 15.168
 83    11.174 55135.28399088 19.19  64.884858  63.096510 15.168
 83    11.090 55135.28399152 21.12  64.882228  63.093370 15.168
 83    11.012 55135.28399217 22.28  64.879608  63.090240 15.168
 83    11.141 55135.28399281 23.40  64.876978  63.087100 15.168
 84    10.780 55170.28395298 20.08  64.879710  63.103864  5.898
 84    10.833 55170.28395363 20.49  64.877080  63.100734  5.898
 84    11.032 55170.28395427 19.56  64.874460  63.097594  5.898
 84    11.067 55170.28395492 20.26  64.871830  63.094464  5.898
 84    11.049 55170.28395556 19.69  64.869210  63.091324  5.898
 85    10.719 55205.28398232 13.88  64.892044  63.104566  4.480
 85    10.540 55205.28398296 13.28  64.889414  63.101436  4.480
 85    10.187 55205.28398361 12.68  64.886794  63.098296  4.480
 85    10.314 55205.28398425 11.66  64.884164  63.095166  4.480
 85    10.636 55205.28398490 11.16  64.881534  63.092026  4.480
 85    10.838 55205.28398554 10.48  64.878914  63.088896  4.480
 85    10.825 55205.28398619 10.02  64.876284  63.085756  4.480
 86    10.062 55240.28395910 11.86  64.878156  63.105814  3.092
 86    12.792 55240.28395974 11.34  64.875536  63.102674  3.092
 86    13.431 55240.28396039 10.77  64.872906  63.099544  3.092
 86    13.333 55240.28396103 10.41  64.870286  63.096404  3.092
 86    13.193 55240.28396168  9.80  64.867656  63.093274  3.092
 87     9.974 55275.28397664 12.22  64.883699  63.104072  3.542
 87    10.075 55275.28397728 11.21  64.881079  63.100932  3.542
 87    13.224 55275.28397793 10.41  64.878449  63.097802  3.542
 87    13.437 55275.28397857 10.29  64.875819  63.094662  3.542
 87    13.388 55275.28397922  9.51  64.873199  63.091532  3.542
 87    13.946 55275.28397986  9.17  64.870569  63.088402  3.542
 88    10.720 55310.28394298 34.59  64.877309  63.104301 25.253
 88    10.707 55310.28394362 34.39  64.874689  63.101161 25.253
 88    10.843 55310.28394427 30.77  64.872059  63.098031 25.253
 88    15.049 55310.28394491 29.89  64.869439  63.094891 25.253
 88    14.912 55310.28394556 34.41  64.866809  63.091761 25.253
 89    15.148 55345.28394528 22.20  64.887257  63.103619 31.775
 89    15.059 55345.28394592 19.30  64.884627  63.100489 31.775
 89    14.869 55345.28394656 18.84  64.882007  63.097349 31.775
 89    14.867 55345.28394721 20.30  64.879371  63.094219 39.426
 89    15.106 55345.28394785 22.74  64.876751  63.091079 39.426
 89    15.296 55345.28394850 30.73  64.874121  63.087949 39.426
 90    15.622 55380.28393931 49.29  64.880683  63.102323 33.041
 90    15.621 55380.28393996 48.39  64.878063  63.099183 33.041
 90    15.647 55380.28394060 48.65  64.875433  63.096053 33.041
 90    15.684 55380.28394125 46.16  64.872803  63.092913 33.041
 90    15.672 55380.28394189 46.09  64.870183  63.089783 33.041
 91    14.920 55415.28396446 25.94  64.894047  63.104792 34.931
 91    15.101 55415.28396510 27.95  64.891417  63.101662 34.931
 91    15.099 55415.28396574 24.65  64.888797  63.098522 34.931
 91    14.890 55415.28396639 20.27  64.886167  63.095392 34.931
 91    14.644 55415.28396703 23.07  64.883537  63.092252 34.931
 91    15.150 55415.28396768 24.15  64.880917  63.089122 34.931
 91    15.303 55415.28396832 40.11  64.878287  63.085982 34.931
 92    12.648 55450.28395082 22.37  64.881712  63.103524 18.970
 92    13.092 55450.28395146 21.75  64.879092  63.100384 18.970
 92    13.937 55450.28395211 22.01  64.876462  63.097254 18.970
 92    14.587 55450.28395275 20.96  64.873842  63.094114 18.970
 92    14.892 55450.28395340 19.53  64.871212  63.090984 18.970
 93    13.753 55485.28387559 18.91  64.875209  63.106246 13.758
 93    13.963 55485.28387623 20.28  64.872579  63.103116 13.758
 93    14.826 55485.28387688 22.54  64.869959  63.099976 13.758
 93    14.699 55485.28387752 25.13  64.867329  63.096846 13.758
 93    15.113 55485.28387817 30.06  64.864709  63.093706 13.758
