# NaN NaN NaN ;Mean Elev.(m), Avg Gradient(m/km), RMS Gradient(m/km) - SRTM1     
#   -8.786  -1.935  12.248 ;Mean Elev.(m), Avg Gradient(m/km), RMS Gradient(m/km) - ASTER GDEM
#    0.077  -4.037  12.831 ;Mean Elev.(m), Avg Gradient(m/km), RMS Gradient(m/km) - GMTED2010 
  6  67.956273  66.516425     4.562     4.580  3 52441.67206553 28.744
  7  67.960761  66.516551     4.725     4.054  3 52476.67206166 31.136
  8  67.984290  66.515320     4.057     4.171  3 52511.67200947 21.656
  9  67.954766  66.516499     3.773     3.765  3 52546.67203799 21.962
 11  67.976863  66.514878     2.326     2.517  3 52616.67202458 15.993
 12  67.969113  66.515065     1.881     1.881  2 52651.67200093 12.956
 13  67.981759  66.514752     1.941     1.941  2 52686.67199361 10.295
 14  67.964497  66.516663     3.562     3.562  2 52721.67204311  9.249
 18  67.962620  66.516077     3.315     3.315  2 52861.67213066 25.222
 19  67.970083  66.515102     3.405     3.405  2 52896.67216035 22.026
 20  67.980729  66.514771     2.809     2.809  2 52931.67210734 20.075
 21  67.956006  66.517329     1.744     1.879  3 52966.67210820 20.061
 22  67.961708  66.516828     1.431     1.431  2 53001.67213639 14.991
 26  67.959350  66.516803    41.861    41.995  3 53141.67211663  6.147
 27  67.965737  66.516860     4.774     4.774  2 53176.67214390 29.251
 28  67.966991  66.515975     3.416     3.359  3 53211.67216313 27.661
 29  67.976481  66.515774     3.030     3.113  3 53246.67213121 22.645
 30  67.948813  66.518161     3.014     3.069  3 53281.67211925 23.066
 31  67.965296  66.515586     1.846     1.846  2 53316.67212679 36.444
 32  67.981217  66.513977     1.547     1.548  3 53351.67209167 19.139
 33  67.950586  66.518660     1.883     1.713  3 53386.67208116 14.452
 34  67.977262  66.514963     1.148     1.148  2 53421.67208234 11.546
 37  67.973177  66.514681     4.450     4.450  2 53526.67215475 17.553
 38  67.965528  66.516603     3.571     3.571  2 53561.67218388 26.164
 39  67.984582  66.514062     2.597     2.602  3 53596.67212200 17.150
 40  67.941067  66.520453     3.473     3.488  3 53631.67211901 21.696
 41  67.960843  66.516656     3.037     3.130  3 53666.67214045 21.778
 42  67.978426  66.514815    42.786    42.786  2 53701.67208859  2.303
 43  67.995366  66.513475     1.306     1.249  3 53736.67199798 13.830
 47  67.964935  66.515987     2.759     2.759  2 53876.67206413 35.419
 50  67.978046  66.514903     2.776     2.776  2 53981.67207464 18.859
 51  67.954707  66.516884     2.837     2.876  3 54016.67209956 30.126
 52  67.974195  66.515981    42.988    42.999  3 54051.67209673  1.797
 53  67.975981  66.515183    44.254    44.056  3 54086.67208854  0.403
 54  67.992661  66.515007    45.384    45.477  3 54121.67201310  2.880
 55  67.966574  66.516581    43.029    43.029  2 54156.67204938  0.776
 57  67.964601  66.515579     3.885     3.885  2 54226.67206086 18.051
 59  67.971116  66.515233     4.549     4.236  3 54296.67208458 42.297
 60  67.978056  66.514659     3.874     3.874  2 54331.67207546 21.285
 62  67.971875  66.515176     3.233     3.277  3 54401.67201809 21.136
 63  67.979120  66.515959     0.957     1.036  3 54436.67197523 21.462
 65  67.983748  66.514606     1.688     1.688  2 54506.67198710  9.852
 68  67.970818  66.515362     4.022     3.765  3 54611.67200903 32.141
 69  67.969131  66.515191     4.043     4.073  3 54646.67201616 23.616
 70  67.973169  66.514766     3.137     3.048  3 54681.67201697 22.981
 72  67.960425  66.518151     2.180     2.180  2 54751.67198948 33.908
 74  67.961976  66.516796     2.766     2.851  3 54821.67198306 11.856
 75  67.979938  66.514704     1.980     1.980  2 54856.67195150 10.460
 76  67.970779  66.515627     1.487     1.487  2 54891.67198578  8.312
 78  67.963438  66.516390    42.574    42.574  2 54961.67198514  3.715
 79  67.966951  66.516233    41.689    41.689  2 54996.67200610  5.275
 80  67.970869  66.514862     3.485     3.543  3 55031.67199535 27.323
 81  67.977366  66.514716     2.780     2.780  2 55066.67198464 19.452
 82  67.986037  66.514500     1.943     2.221  3 55101.67192503 41.051
 83  67.965927  66.515235     1.494     1.494  2 55136.67193086 44.258
 84  67.980577  66.515794     1.711     1.902  3 55171.67189283 19.620
 85  67.963852  66.515768     1.277     1.277  2 55206.67192492 11.661
 88  67.983553  66.514592     1.583     1.620  3 55311.67188280 43.811
 89  67.972613  66.515590     4.557     4.774  3 55346.67188821 21.528
 90  67.975753  66.515266     3.467     3.494  3 55381.67187993 24.063
 91  67.962716  66.516015     3.268     3.268  2 55416.67190785 22.575
 92  67.980904  66.513897     2.679     2.783  3 55451.67189014 18.713
 93  67.989222  66.514742     2.421     2.346  3 55486.67181314 33.928
