# NaN NaN NaN ;Mean Elev.(m), Avg Gradient(m/km), RMS Gradient(m/km) - SRTM1     
#    6.055  -0.480   2.123 ;Mean Elev.(m), Avg Gradient(m/km), RMS Gradient(m/km) - ASTER GDEM
#    0.000  -1.045   5.481 ;Mean Elev.(m), Avg Gradient(m/km), RMS Gradient(m/km) - GMTED2010 
  6  69.849425  66.783968     1.968     2.028  8 52437.27935907 28.758
  7  69.851090  66.784929     1.377     0.987  8 52472.27935996 22.504
  8  69.850458  66.784651    -0.393    -0.368  7 52507.27933478 22.619
  9  69.867699  66.775839     1.281     1.301  5 52542.27931827 22.193
 10  69.853937  66.783551     1.585     1.582  7 52577.27936753 44.842
 11  69.847370  66.785233     1.110     1.087  9 52612.27933115 18.028
 12  69.859777  66.781605     1.321     1.298  6 52647.27931605 12.728
 13  69.854857  66.781910     1.252     1.259  7 52682.27928705 11.305
 14  69.856771  66.782167     1.302     1.323  7 52717.27934571 10.442
 15  69.836303  66.786429     1.409     1.293  9 52752.27937072  6.581
 16  69.865924  66.777867     3.352     3.367  5 52787.27931631 24.938
 17  69.861399  66.777796     2.538     2.598  6 52822.27938903 40.612
 18  69.863057  66.780412     0.351     0.408  6 52857.27943556 23.775
 19  69.852021  66.783375     0.736     0.835  7 52892.27946749 33.086
 20  69.840009  66.786036     0.961     0.864  9 52927.27941916 42.566
 21  69.870047  66.777955     0.442     0.520  5 52962.27939019 23.300
 22  69.854835  66.784734     0.675     0.664  7 52997.27943121 13.852
 23  69.842208  66.785862     0.747     0.681  9 53032.27938939 11.450
 24  69.858954  66.780541     0.862     0.853  7 53067.27940059 10.678
 25  69.840865  66.788054     0.912     0.926  9 53102.27939323  8.033
 26  69.861590  66.779367     1.225     1.215  7 53137.27940340  8.338
 27  69.856088  66.782112     1.183     0.981  7 53172.27945043 22.879
 28  69.852490  66.784298     1.473     1.506  7 53207.27946471 20.099
 29  69.851800  66.784545     0.709     0.842  7 53242.27943236 38.520
 30  69.866009  66.776776     0.856     0.904  5 53277.27940647 35.395
 31  69.856703  66.784570     0.905     0.926  7 53312.27944080 25.419
 32  69.854148  66.785109     0.949     0.954  7 53347.27940660 15.499
 33  69.865769  66.777321     1.106     1.125  6 53382.27937089 13.248
 34  69.860058  66.782218     1.021     1.003  6 53417.27938563 11.373
 35  69.870366  66.776936     1.117     1.073  5 53452.27938653  9.824
 36  69.852655  66.785045     1.317     1.352  7 53487.27947078  8.605
 37  69.856718  66.782956     1.688     1.642  7 53522.27946196 20.534
 38  69.848817  66.786245     1.464     1.449  8 53557.27948675 21.216
 39  69.851802  66.783267     0.611     0.509  7 53592.27942416 31.677
 40  69.861389  66.777375     1.134     1.082  6 53627.27941520 31.300
 41  69.856433  66.782885     0.747     0.938  7 53662.27943969 40.083
 42  69.849153  66.784540     0.850     0.810  8 53697.27940530 19.185
 43  69.846833  66.786215     0.875     0.831  9 53732.27932766 12.644
 45  69.850529  66.785519     0.917     0.888  8 53802.27930323  8.460
 46  69.865449  66.778714     1.152     1.136  6 53837.27931515  8.717
 47  69.858523  66.782606     1.421     1.482  7 53872.27936749 40.477
 48  69.854825  66.782907     1.276     1.522  7 53907.27940792 22.358
 49  69.846707  66.784786     1.379     1.450  8 53942.27943476 22.616
 50  69.845841  66.787869     0.776     0.893  9 53977.27938785 35.947
 51  69.866879  66.775946     0.939     0.997  5 54012.27939507 32.795
 52  69.860756  66.779690     0.934     0.910  6 54047.27940607 10.859
 54  69.840157  66.786165     1.161     1.110  9 54117.27932985  9.456
 55  69.855560  66.784246     1.318     1.373  7 54152.27935031 10.966
 56  69.843872  66.786588     1.386     1.295  8 54187.27932306  9.057
 57  69.858195  66.781572     1.883     1.770  7 54222.27936040 36.875
 58  69.855170  66.783815     2.213     2.208  7 54257.27938238 16.297
 59  69.855525  66.782006     1.359     1.536  7 54292.27938510 24.295
 60  69.852132  66.782646     2.309     2.365  7 54327.27938138 34.706
 61  69.841425  66.785948     1.185     1.282  9 54362.27933081 24.141
 62  69.858026  66.781216     0.885     0.947  6 54397.27932135 42.116
 63  69.848012  66.785660     0.828     0.810  9 54432.27928056 23.588
 64  69.862393  66.780477     0.935     0.912  6 54467.27930287 17.996
 65  69.849837  66.784853     1.024     0.954  8 54502.27929547 15.279
 66  69.853919  66.781854     0.964     0.932  7 54537.27931833 12.152
 67  69.846390  66.785816     1.059     1.013  8 54572.27929689  8.252
 68  69.855911  66.783062     2.260     2.299  6 54607.27931140 42.893
 69  69.851796  66.783722     1.387     1.564  8 54642.27932037 26.698
 70  69.854203  66.783829     0.724     1.131  7 54677.27932213 24.179
 71  69.846804  66.786726     0.842     0.900  9 54712.27927593 38.449
 72  69.858156  66.782875     0.909     1.046  7 54747.27929083 39.330
 73  69.852779  66.784307     1.131     1.158  8 54782.27926255 36.340
 74  69.858943  66.781744     1.037     1.098  7 54817.27928376 19.460
 75  69.850291  66.784013     1.024     0.998  8 54852.27926011 15.602
 76  69.855042  66.783152     0.997     0.987  6 54887.27928812 12.256
 77  69.839993  66.787098     1.118     1.154  9 54922.27926044 12.528
 78  69.859049  66.782474     1.443     1.463  7 54957.27928420  9.191
 79  69.852307  66.783138     2.435     2.384  7 54992.27930728 19.938
 80  69.852759  66.784790     1.651     1.646  8 55027.27929761 22.954
 81  69.853108  66.782822     0.610     0.589  7 55062.27929057 29.782
 82  69.839928  66.786537     0.976     1.046  9 55097.27923848 46.406
 84  69.851784  66.785072     0.895     0.868  8 55167.27920069 17.026
 85  69.857580  66.782561     0.903     0.931  7 55202.27922614 11.798
 86  69.846436  66.785316     0.983     0.929  8 55237.27920801  9.796
 87  69.854465  66.784393     1.089     1.122  7 55272.27922015 10.839
 88  69.844436  66.786390     1.408     1.364  9 55307.27918978  3.450
 89  69.854695  66.781869     2.882     2.865  7 55342.27919020 23.159
 90  69.851498  66.785203     1.603     1.618  8 55377.27918350 20.529
 91  69.857756  66.780648     0.864     0.877  6 55412.27920765 23.968
 92  69.853365  66.784578     0.616     0.792  7 55447.27919802 32.997
 93  69.841772  66.787939     0.989     1.020  9 55482.27912825 43.721
