# NaN NaN NaN ;Mean Elev.(m), Avg Gradient(m/km), RMS Gradient(m/km) - SRTM1     
#  -11.822   0.542   2.705 ;Mean Elev.(m), Avg Gradient(m/km), RMS Gradient(m/km) - ASTER GDEM
#    0.075  -0.200   2.357 ;Mean Elev.(m), Avg Gradient(m/km), RMS Gradient(m/km) - GMTED2010 
  7     3.954 52475.28340979 25.91  68.128293  66.522255 29.958
  7     3.672 52475.28341044 27.16  68.124973  66.519175 29.958
  7     3.431 52475.28341108 26.70  68.121653  66.516095 29.958
  7     2.905 52475.28341173 26.93  68.118343  66.513015 29.958
  7     2.315 52475.28341237 25.63  68.115023  66.509935 29.958
  7     1.754 52475.28341301 24.50  68.111703  66.506855 29.958
  7     0.809 52475.28341366 23.98  68.108393  66.503775 29.958
  7     2.964 52475.28341430 23.50  68.105073  66.500705 29.958
  7     4.061 52475.28341495 22.45  68.101763  66.497625 29.958
  8     3.870 52510.28336727 28.34  68.130940  66.523727 28.467
  8     3.727 52510.28336792 22.19  68.127620  66.520647 28.467
  8     3.674 52510.28336856 22.45  68.124310  66.517567 28.467
  8     3.236 52510.28336921 23.95  68.120990  66.514487 28.467
  8     2.667 52510.28336985 23.80  68.117670  66.511407 28.467
  8     2.019 52510.28337050 24.56  68.114360  66.508337 28.467
  8     1.357 52510.28337114 24.63  68.111040  66.505257 28.467
  8     3.041 52510.28337178 22.58  68.107730  66.502177 28.467
  8     3.913 52510.28337243 21.62  68.104420  66.499097 28.467
  9     4.146 52545.28337645 35.33  68.153460  66.526626 27.815
  9     4.035 52545.28337710 29.41  68.150140  66.523546 27.815
  9     2.603 52545.28337774 27.40  68.146820  66.520466 27.815
  9     2.333 52545.28337838 27.80  68.143500  66.517386 27.815
  9     2.117 52545.28337903 28.10  68.140180  66.514306 27.815
  9     1.930 52545.28337967 27.99  68.136860  66.511236 27.815
  9     2.089 52545.28338032 26.99  68.133540  66.508156 27.815
  9     2.336 52545.28338096 27.18  68.130220  66.505076 27.815
  9     3.608 52545.28338161 26.49  68.126907  66.502003 26.263
  9     4.184 52545.28338225 26.57  68.123587  66.498923 26.263
 10     3.255 52580.28340770 27.65  68.137629  66.524285 13.776
 10     2.871 52580.28340835 25.71  68.134309  66.521205 13.776
 10     2.670 52580.28340899 22.90  68.130989  66.518125 13.776
 10     2.146 52580.28340964 21.13  68.127669  66.515045 13.776
 10     1.590 52580.28341028 21.81  68.124349  66.511965 13.776
 10     1.127 52580.28341093 23.37  68.121029  66.508895 13.776
 10     1.650 52580.28341157 23.51  68.117719  66.505815 13.776
 10     1.949 52580.28341222 27.75  68.114399  66.502735 13.776
 10     2.038 52580.28341286 34.79  68.111089  66.499655 13.776
 10     2.037 52580.28341351 40.72  68.107769  66.496575 13.776
 11     2.652 52615.28337702 19.18  68.118551  66.522432  3.961
 11     1.491 52615.28337766 19.77  68.115231  66.519362  3.961
 11     1.404 52615.28337831 20.41  68.111911  66.516282  3.961
 11     1.244 52615.28337895 21.61  68.108601  66.513202  3.961
 11     1.161 52615.28337960 20.96  68.105281  66.510122  3.961
 11     1.227 52615.28338024 21.01  68.101971  66.507042  3.961
 11     1.366 52615.28338089 20.96  68.098651  66.503962  3.961
 11     1.860 52615.28338153 20.33  68.095341  66.500882  3.961
 11     2.327 52615.28338218 19.26  68.092031  66.497812  3.961
 12     2.968 52650.28335400 14.91  68.147743  66.526031  3.210
 12     2.262 52650.28335465 14.92  68.144423  66.522951  3.210
 12     2.050 52650.28335529 15.63  68.141103  66.519871  3.210
 12     1.696 52650.28335593 15.66  68.137783  66.516791  3.210
 12     1.498 52650.28335658 16.36  68.134463  66.513711  3.210
 12     1.556 52650.28335722 16.31  68.131143  66.510641  3.210
 12     1.552 52650.28335787 16.33  68.127823  66.507561  3.210
 12     1.567 52650.28335851 16.05  68.124513  66.504481  3.210
 12     1.666 52650.28335916 15.59  68.121193  66.501401  3.210
 12     1.760 52650.28335980 15.24  68.117883  66.498321  3.210
 13     2.402 52685.28334076 11.96  68.131258  66.523779  2.781
 13     1.488 52685.28334141 12.78  68.127948  66.520699  2.781
 13     1.445 52685.28334205 12.97  68.124628  66.517619  2.781
 13     1.355 52685.28334270 12.90  68.121308  66.514539  2.781
 13     1.294 52685.28334334 13.66  68.117988  66.511459  2.781
 13     1.246 52685.28334399 13.62  68.114678  66.508379  2.781
 13     1.396 52685.28334463 13.50  68.111358  66.505309  2.781
 13     1.573 52685.28334527 12.78  68.108048  66.502229  2.781
 13     2.046 52685.28334592 12.36  68.104738  66.499149  2.781
 14     1.235 52720.28339223 12.48  68.134867  66.523200  2.103
 14     1.358 52720.28339288 13.19  68.131547  66.520120  2.103
 14     1.470 52720.28339352 13.32  68.128227  66.517050  2.103
 14     1.321 52720.28339417 13.22  68.124907  66.513970  2.103
 14     1.251 52720.28339481 13.64  68.121587  66.510890  2.103
 14     1.298 52720.28339546 13.95  68.118267  66.507810  2.103
 14     1.583 52720.28339610 12.99  68.114957  66.504730  2.103
 14     1.628 52720.28339675 13.21  68.111637  66.501660  2.103
 14     2.097 52720.28339739 12.74  68.108327  66.498580  2.103
 16     4.226 52790.28336388 28.05  68.152773  66.524616 27.688
 16     4.086 52790.28336452 22.34  68.149453  66.521536 27.688
 16     3.581 52790.28336517 17.14  68.146133  66.518456 27.688
 16     3.631 52790.28336581 16.52  68.142813  66.515386 27.688
 16     3.937 52790.28336646 16.07  68.139493  66.512306 27.688
 16     3.887 52790.28336710 15.78  68.136173  66.509226 27.688
 16     4.116 52790.28336774 15.46  68.132853  66.506146 27.688
 16     4.443 52790.28336839 17.74  68.129533  66.503066 27.688
 16     4.601 52790.28336903 19.94  68.126223  66.499996 27.688
 16     4.613 52790.28336968 25.92  68.122903  66.496916 27.688
 17     3.879 52825.28343338 49.45  68.151420  66.526541 29.916
 17     3.895 52825.28343402 45.79  68.148100  66.523461 29.916
 17     3.738 52825.28343467 47.31  68.144780  66.520381 29.916
 17     3.767 52825.28343531 44.97  68.141460  66.517311 29.916
 17     3.830 52825.28343596 41.40  68.138140  66.514231 29.916
 17     3.711 52825.28343660 41.19  68.134820  66.511151 29.916
 17     3.572 52825.28343725 38.42  68.131500  66.508071 29.916
 17     3.631 52825.28343789 38.29  68.128180  66.504991 29.916
 17     3.757 52825.28343854 41.30  68.124870  66.501921 29.916
 17     3.697 52825.28343918 37.76  68.121550  66.498841 29.916
 18     4.202 52860.28347940 29.92  68.151179  66.525756 26.860
 18     3.793 52860.28348004 21.18  68.147859  66.522676 26.860
 18     2.706 52860.28348069 21.73  68.144539  66.519596 26.860
 18     2.669 52860.28348133 17.82  68.141219  66.516516 26.860
 18     2.055 52860.28348197 19.02  68.137899  66.513446 26.860
 18     1.842 52860.28348262 18.52  68.134579  66.510366 26.860
 18     2.307 52860.28348326 18.08  68.131259  66.507286 26.860
 18     2.439 52860.28348391 19.07  68.127939  66.504206 26.860
 18     2.605 52860.28348455 21.78  68.124629  66.501126 26.860
 18     3.210 52860.28348520 23.59  68.121309  66.498056 26.860
 19     3.058 52895.28351137 23.87  68.128014  66.522281 32.171
 19    -2.357 52895.28351201 25.69  68.124694  66.519201 32.171
 19    -1.116 52895.28351266 25.71  68.121374  66.516121 32.171
 19    -0.432 52895.28351330 26.57  68.118054  66.513041 32.171
 19     0.502 52895.28351395 27.41  68.114734  66.509971 32.171
 19     0.956 52895.28351459 30.80  68.111424  66.506891 32.171
 19     1.229 52895.28351524 33.64  68.108104  66.503810 29.278
 19     1.407 52895.28351588 39.00  68.104794  66.500730 29.278
 19     1.602 52895.28351653 37.97  68.101484  66.497650 29.278
 20     3.578 52930.28346066 24.44  68.114493  66.522425 28.153
 20     3.061 52930.28346130 23.19  68.111183  66.519345 28.153
 20    -0.858 52930.28346195 25.48  68.107863  66.516265 28.153
 20     0.092 52930.28346259 26.01  68.104553  66.513195 28.153
 20     0.674 52930.28346324 26.28  68.101233  66.510115 28.153
 20     1.250 52930.28346388 28.35  68.097923  66.507035 28.153
 20     1.809 52930.28346453 29.11  68.094603  66.503955 28.153
 20     1.946 52930.28346517 28.89  68.091293  66.500875 28.153
 20     2.214 52930.28346582 35.49  68.087983  66.497795 28.153
 21     0.406 52965.28345119 23.44  68.150789  66.522697  4.489
 21     0.504 52965.28345184 24.23  68.147469  66.519617  4.489
 21     0.372 52965.28345248 25.00  68.144149  66.516537  4.489
 21     0.372 52965.28345313 25.82  68.140829  66.513457  4.489
 21     0.353 52965.28345377 25.26  68.137509  66.510387  4.489
 21     0.322 52965.28345442 25.18  68.134189  66.507307  4.489
 21     0.285 52965.28345506 24.65  68.130879  66.504227  4.489
 21     0.225 52965.28345571 24.11  68.127559  66.501147  4.489
 21     4.100 52965.28345635 22.69  68.124239  66.498067  4.489
 22     0.699 53000.28348570 16.96  68.126180  66.523575  3.098
 22     0.690 53000.28348634 17.48  68.122860  66.520495  3.098
 22     0.689 53000.28348699 17.44  68.119540  66.517415  3.098
 22     0.715 53000.28348763 18.45  68.116220  66.514335  3.098
 22     0.690 53000.28348828 18.19  68.112910  66.511255  3.098
 22     0.619 53000.28348892 18.60  68.109590  66.508185  3.098
 22     0.734 53000.28348957 18.03  68.106270  66.505105  3.098
 22     1.080 53000.28349021 16.96  68.102960  66.502025  3.098
 22     1.972 53000.28349086 16.11  68.099650  66.498945  3.098
 23     0.724 53035.28343574 14.94  68.115778  66.520968  3.000
 23     0.634 53035.28343639 15.97  68.112458  66.517888  3.000
 23     0.589 53035.28343703 15.75  68.109148  66.514808  3.000
 23     0.536 53035.28343768 16.12  68.105828  66.511728  3.000
 23     0.750 53035.28343832 15.27  68.102518  66.508648  3.000
 23     0.694 53035.28343897 15.77  68.099198  66.505568  3.000
 23     0.873 53035.28343961 14.38  68.095888  66.502498  3.000
 23     1.587 53035.28344026 14.36  68.092578  66.499418  3.000
 23     2.122 53035.28344090 14.07  68.089268  66.496338  3.000
 24     0.935 53070.28345366 14.50  68.138166  66.524820  2.981
 24     0.802 53070.28345431 15.02  68.134846  66.521740  2.981
 24     0.844 53070.28345495 15.34  68.131526  66.518660  2.981
 24     0.689 53070.28345560 15.92  68.128206  66.515580  2.981
 24     0.798 53070.28345624 15.34  68.124886  66.512500  2.981
 24     0.685 53070.28345689 15.94  68.121576  66.509430  2.981
 24     0.657 53070.28345753 15.99  68.118256  66.506350  2.981
 24     0.885 53070.28345817 14.96  68.114946  66.503270  2.981
 24     1.169 53070.28345882 14.68  68.111626  66.500190  2.981
 24     1.822 53070.28345946 14.02  68.108316  66.497110  2.981
 25     0.275 53105.28343738 12.07  68.110763  66.521095  3.073
 25     0.179 53105.28343802 12.52  68.107443  66.518015  3.073
 25     0.260 53105.28343867 12.99  68.104133  66.514935  3.073
 25     0.325 53105.28343931 13.55  68.100813  66.511855  3.073
 25     0.413 53105.28343996 13.66  68.097503  66.508775  3.073
 25     0.616 53105.28344060 13.01  68.094183  66.505695  3.073
 25     0.493 53105.28344125 12.42  68.090873  66.502615  3.073
 25     1.130 53105.28344189 11.32  68.087563  66.499535  3.073
 26     3.162 53140.28345936 13.89  68.146531  66.526080  4.303
 26     1.609 53140.28346000 15.41  68.143211  66.523000  4.303
 26     1.700 53140.28346065 15.20  68.139891  66.519920  4.303
 26     1.594 53140.28346129 14.95  68.136571  66.516840  4.303
 26     1.668 53140.28346194 14.97  68.133251  66.513770  4.303
 26     1.644 53140.28346258 15.80  68.129931  66.510690  4.303
 26     1.532 53140.28346323 16.61  68.126621  66.507610  4.303
 26     1.409 53140.28346387 20.42  68.123301  66.504530  4.303
 26     1.454 53140.28346452 24.74  68.119981  66.501450  4.303
 26     1.365 53140.28346516 19.86  68.116671  66.498370  4.303
 27     3.740 53175.28349345 37.42  68.139080  66.525425 30.266
 27     4.062 53175.28349410 23.21  68.135760  66.522345 30.266
 27     3.053 53175.28349474 16.55  68.132440  66.519265 30.266
 27     2.731 53175.28349539 15.40  68.129120  66.516195 30.266
 27     3.532 53175.28349603 14.86  68.125810  66.513115 30.266
 27     3.600 53175.28349668 14.66  68.122490  66.510035 30.266
 27     3.680 53175.28349732 14.80  68.119170  66.506955 30.266
 27     3.928 53175.28349797 14.90  68.115860  66.503875 30.266
 27     4.038 53175.28349861 17.30  68.112540  66.500795 30.266
 27     4.176 53175.28349926 22.46  68.109230  66.497725 30.266
 28     3.329 53210.28351209 25.43  68.130446  66.523718 25.049
 28     3.096 53210.28351274 23.02  68.127126  66.520648 25.049
 28     2.788 53210.28351338 17.29  68.123816  66.517568 25.049
 28     2.462 53210.28351403 18.86  68.120496  66.514488 25.049
 28     1.983 53210.28351467 18.04  68.117176  66.511408 25.049
 28     1.395 53210.28351532 20.55  68.113866  66.508328 25.049
 28     2.244 53210.28351596 20.98  68.110546  66.505248 25.049
 28     2.894 53210.28351661 20.63  68.107236  66.502178 25.049
 28     3.120 53210.28351725 21.54  68.103916  66.499098 25.049
 29     2.515 53245.28348060 27.46  68.126651  66.521177 27.967
 29     0.602 53245.28348125 26.23  68.123341  66.518097 27.967
 29     0.170 53245.28348189 27.26  68.120021  66.515017 27.967
 29     0.197 53245.28348254 28.31  68.116701  66.511937 27.967
 29     0.639 53245.28348318 29.93  68.113391  66.508857 27.967
 29     1.127 53245.28348383 33.65  68.110071  66.505777 27.967
 29     1.243 53245.28348447 38.44  68.106761  66.502707 27.967
 29     1.258 53245.28348512 43.49  68.103441  66.499627 27.967
 29     1.882 53245.28348576 37.50  68.100131  66.496547 27.967
 30     4.099 53280.28346154 36.37  68.150350  66.526380 30.308
 30     3.475 53280.28346219 26.76  68.147030  66.523300 30.308
 30     0.988 53280.28346283 28.59  68.143710  66.520220 30.308
 30    -0.968 53280.28346348 26.51  68.140390  66.517140 30.308
 30    -0.026 53280.28346412 28.07  68.137070  66.514070 30.308
 30     0.533 53280.28346477 28.72  68.133750  66.510990 30.308
 30     1.045 53280.28346541 29.69  68.130430  66.507910 30.308
 30     1.534 53280.28346606 30.34  68.127110  66.504830 30.308
 30     1.671 53280.28346670 31.98  68.123800  66.501750 30.308
 30     1.771 53280.28346735 35.31  68.120480  66.498670 30.308
 31     2.888 53315.28347937 28.40  68.139075  66.524319 10.605
 31     1.282 53315.28348001 31.34  68.135755  66.521239 10.605
 31     1.278 53315.28348066 35.63  68.132445  66.518169 10.605
 31     1.264 53315.28348130 35.44  68.129125  66.515089 10.605
 31     1.134 53315.28348195 36.77  68.125805  66.512009 10.605
 31     1.201 53315.28348259 35.42  68.122485  66.508929 10.605
 31     1.283 53315.28348324 34.71  68.119165  66.505849 10.605
 31     1.139 53315.28348388 38.11  68.115855  66.502779 10.605
 31     1.054 53315.28348452 29.30  68.112535  66.499699 10.605
 31     0.925 53315.28348517 26.57  68.109225  66.496619 10.605
 32     1.126 53350.28344573 23.43  68.131162  66.522038  4.822
 32     1.254 53350.28344637 23.29  68.127842  66.518968  4.822
 32     1.180 53350.28344702 24.76  68.124522  66.515888  4.822
 32     1.150 53350.28344766 25.32  68.121212  66.512808  4.822
 32     1.073 53350.28344830 25.82  68.117892  66.509728  4.822
 32     1.175 53350.28344895 23.83  68.114582  66.506648  4.822
 32     1.081 53350.28344959 22.74  68.111262  66.503568  4.822
 32     1.208 53350.28345024 22.66  68.107952  66.500488  4.822
 32     1.330 53350.28345088 21.04  68.104632  66.497418  4.822
 33     2.027 53385.28342451 17.04  68.149723  66.525189  3.715
 33     1.329 53385.28342516 17.45  68.146403  66.522109  3.715
 33     1.271 53385.28342580 18.64  68.143083  66.519029  3.715
 33     1.200 53385.28342645 19.11  68.139763  66.515959  3.715
 33     1.219 53385.28342709 18.98  68.136443  66.512879  3.715
 33     1.244 53385.28342774 18.95  68.133123  66.509799  3.715
 33     1.168 53385.28342838 18.57  68.129803  66.506719  3.715
 33     1.320 53385.28342902 18.12  68.126493  66.503649  3.715
 33     1.276 53385.28342967 17.99  68.123173  66.500569  3.715
 33     1.369 53385.28343031 17.18  68.119853  66.497489  3.715
 34     1.289 53420.28342982 14.76  68.142258  66.523810  3.618
 34     0.879 53420.28343047 15.17  68.138938  66.520730  3.618
 34     0.949 53420.28343111 15.98  68.135618  66.517650  3.618
 34     0.920 53420.28343176 16.51  68.132308  66.514580  3.618
 34     0.941 53420.28343240 16.17  68.128988  66.511500  3.618
 34     0.945 53420.28343305 16.39  68.125668  66.508420  3.618
 34     0.912 53420.28343369 16.20  68.122358  66.505340  3.618
 34     1.218 53420.28343434 15.55  68.119038  66.502260  3.618
 34     1.688 53420.28343498 14.76  68.115728  66.499190  3.618
 35     0.874 53455.28343582 13.31  68.151765  66.520361  3.090
 35     1.005 53455.28343646 13.69  68.148445  66.517281  3.090
 35     0.913 53455.28343711 14.00  68.145125  66.514211  3.090
 35     0.919 53455.28343775 14.34  68.141805  66.511131  3.090
 35     0.921 53455.28343839 14.31  68.138485  66.508051  3.090
 35     0.930 53455.28343904 14.08  68.135165  66.504971  3.090
 35     1.057 53455.28343968 13.59  68.131845  66.501901  3.090
 35     1.123 53455.28344033 12.97  68.128535  66.498821  3.090
 36     1.701 53490.28352127  9.15  68.128316  66.522285  2.623
 36     1.512 53490.28352192  9.76  68.124996  66.519205  2.623
 36     1.470 53490.28352256  9.98  68.121676  66.516125  2.623
 36     1.239 53490.28352320  9.99  68.118356  66.513045  2.623
 36     1.491 53490.28352385  9.88  68.115036  66.509965  2.623
 36     1.423 53490.28352449  9.31  68.111726  66.506885  2.623
 36     1.700 53490.28352514  8.76  68.108406  66.503815  2.623
 36     2.457 53490.28352578  8.19  68.105096  66.500735  2.623
 36     3.608 53490.28352643  7.72  68.101776  66.497655  2.623
 37     3.824 53525.28350476 34.63  68.141037  66.525531 27.639
 37     3.895 53525.28350541 24.58  68.137717  66.522451 27.639
 37     3.398 53525.28350605 17.84  68.134407  66.519381 27.639
 37     3.211 53525.28350670 17.26  68.131087  66.516301 27.639
 37     3.481 53525.28350734 18.13  68.127767  66.513221 27.639
 37     3.342 53525.28350799 19.12  68.124447  66.510141 27.639
 37     3.645 53525.28350863 17.26  68.121137  66.507061 27.639
 37     3.708 53525.28350928 18.67  68.117817  66.503981 27.639
 37     3.850 53525.28350992 18.15  68.114507  66.500911 27.639
 37     3.973 53525.28351057 23.32  68.111187  66.497831 27.639
 38     3.314 53560.28353376 23.41  68.121029  66.521412 27.778
 38     3.011 53560.28353441 18.76  68.117719  66.518342 27.778
 38     2.753 53560.28353505 19.36  68.114399  66.515262 27.778
 38     2.431 53560.28353570 18.76  68.111079  66.512182 27.778
 38     1.718 53560.28353634 21.47  68.107769  66.509102 27.778
 38     1.525 53560.28353699 19.67  68.104449  66.506022 27.778
 38     2.399 53560.28353763 19.66  68.101139  66.502942 27.778
 38     3.390 53560.28353828 19.68  68.097819  66.499872 27.778
 38     4.016 53560.28353892 21.20  68.094509  66.496792 27.778
 39     3.642 53595.28347132 28.90  68.130173  66.524020 27.640
 39     3.008 53595.28347197 20.35  68.126853  66.520950 27.640
 39     2.152 53595.28347261 20.04  68.123533  66.517870 27.640
 39     1.735 53595.28347325 21.89  68.120223  66.514790 27.640
 39     1.166 53595.28347390 23.03  68.116903  66.511710 27.640
 39     0.900 53595.28347454 26.08  68.113593  66.508630 27.640
 39     1.331 53595.28347519 27.05  68.110273  66.505550 27.640
 39     1.753 53595.28347583 27.64  68.106963  66.502480 27.640
 39     1.977 53595.28347648 32.27  68.103653  66.499400 27.640
 39     2.049 53595.28347712 38.07  68.100333  66.496320 27.640
 40     4.105 53630.28346406 28.40  68.148953  66.524649 24.078
 40    -2.919 53630.28346470 26.02  68.145633  66.521569 24.078
 40     0.774 53630.28346535 24.28  68.142313  66.518499 24.078
 40    -0.511 53630.28346599 26.86  68.138993  66.515419 24.078
 40     0.236 53630.28346663 26.42  68.135673  66.512339 24.078
 40     1.253 53630.28346728 25.50  68.132353  66.509259 24.078
 40     1.631 53630.28346792 25.96  68.129033  66.506179 24.078
 40     1.892 53630.28346857 27.55  68.125713  66.503109 24.078
 40     1.939 53630.28346921 30.33  68.122403  66.500029 24.078
 40     2.108 53630.28346986 30.41  68.119083  66.496949 24.078
 41     3.589 53665.28348830 25.30  68.132478  66.523326 17.194
 41     3.226 53665.28348895 22.10  68.129158  66.520256 17.194
 41     2.683 53665.28348959 20.06  68.125838  66.517176 17.194
 41     1.941 53665.28349024 20.22  68.122518  66.514096 17.194
 41     1.197 53665.28349088 20.35  68.119198  66.511016 17.194
 41     0.766 53665.28349153 20.95  68.115878  66.507936 17.194
 41     0.929 53665.28349217 24.60  68.112568  66.504856 17.194
 41     1.053 53665.28349282 29.05  68.109248  66.501786 17.194
 41     0.951 53665.28349346 30.36  68.105938  66.498706 17.194
 42     0.589 53700.28344293 26.51  68.129175  66.522004  6.189
 42     0.549 53700.28344357 28.75  68.125855  66.518924  6.189
 42     0.596 53700.28344422 28.84  68.122535  66.515854  6.189
 42     0.365 53700.28344486 30.03  68.119215  66.512774  6.189
 42     0.401 53700.28344551 29.17  68.115905  66.509694  6.189
 42     0.404 53700.28344615 29.38  68.112585  66.506614  6.189
 42     0.392 53700.28344680 27.83  68.109275  66.503534  6.189
 42     0.190 53700.28344744 27.02  68.105955  66.500454  6.189
 42    -0.140 53700.28344809 24.55  68.102645  66.497384  6.189
 44     0.527 53770.28335234 14.76  68.147382  66.525374  3.344
 44     0.641 53770.28335299 14.67  68.144062  66.522294  3.344
 44     0.665 53770.28335363 15.13  68.140742  66.519214  3.344
 44     0.739 53770.28335428 15.48  68.137432  66.516144  3.344
 44     0.658 53770.28335492 15.76  68.134112  66.513064  3.344
 44     0.766 53770.28335557 15.15  68.130792  66.509984  3.344
 44     0.673 53770.28335621 15.26  68.127472  66.506904  3.344
 44     0.726 53770.28335686 15.33  68.124162  66.503824  3.344
 44     0.463 53770.28335750 15.11  68.120842  66.500754  3.344
 44     0.472 53770.28335815 14.32  68.117532  66.497674  3.344
 45     0.433 53805.28334661 13.08  68.127648  66.523756  3.143
 45     0.573 53805.28334725 13.18  68.124328  66.520686  3.143
 45     0.720 53805.28334790 14.24  68.121008  66.517606  3.143
 45     0.620 53805.28334854 13.84  68.117698  66.514526  3.143
 45     0.649 53805.28334919 13.74  68.114378  66.511446  3.143
 45     0.659 53805.28334983 14.04  68.111068  66.508366  3.143
 45     0.741 53805.28335048 14.26  68.107748  66.505286  3.143
 45     0.915 53805.28335112 13.77  68.104438  66.502206  3.143
 45     1.380 53805.28335177 12.43  68.101128  66.499136  3.143
 45     1.818 53805.28335241 11.77  68.097808  66.496056  3.143
 47     2.255 53875.28341252 39.55  68.143379  66.525815 29.345
 47     2.227 53875.28341317 33.16  68.140059  66.522735 29.345
 47     2.267 53875.28341381 28.42  68.136739  66.519665 29.345
 47     2.105 53875.28341446 25.47  68.133419  66.516585 29.345
 47     1.858 53875.28341510 24.34  68.130099  66.513505 29.345
 47     1.555 53875.28341575 27.33  68.126779  66.510425 29.345
 47     1.844 53875.28341639 26.84  68.123459  66.507345 29.345
 47     2.111 53875.28341704 33.48  68.120149  66.504265 29.345
 47     2.284 53875.28341768 43.52  68.116829  66.501195 29.345
 47     2.295 53875.28341833 44.13  68.113519  66.498115 29.345
 49     3.460 53945.28348065 39.49  68.122379  66.523064 32.056
 49     3.061 53945.28348129 24.66  68.119069  66.519994 32.056
 49     2.822 53945.28348193 22.91  68.115749  66.516914 32.056
 49     2.571 53945.28348258 24.34  68.112429  66.513834 32.056
 49     1.840 53945.28348322 25.20  68.109109  66.510754 32.056
 49     1.842 53945.28348387 27.78  68.105799  66.507674 32.056
 49     2.683 53945.28348451 30.95  68.102479  66.504594 32.056
 49     2.843 53945.28348516 38.20  68.099169  66.501524 32.056
 49     3.222 53945.28348580 39.96  68.095849  66.498444 32.056
 50     2.933 53980.28342811 27.25  68.120038  66.521882 29.121
 50    -1.958 53980.28342876 26.79  68.116718  66.518812 29.121
 50    -0.987 53980.28342940 29.29  68.113398  66.515732 29.121
 50    -0.086 53980.28343005 30.37  68.110088  66.512652 29.121
 50     0.647 53980.28343069 31.85  68.106768  66.509572 29.121
 50     1.216 53980.28343134 33.74  68.103458  66.506492 29.121
 50     1.619 53980.28343198 34.17  68.100138  66.503412 29.121
 50     1.907 53980.28343263 35.47  68.096828  66.500332 29.121
 50     2.186 53980.28343327 35.85  68.093518  66.497252 29.121
 51     3.773 54015.28344488 25.66  68.153586  66.524265 22.016
 51     3.165 54015.28344552 22.76  68.150266  66.521185 22.016
 51     2.819 54015.28344617 19.95  68.146946  66.518105 22.016
 51     2.084 54015.28344681 20.24  68.143626  66.515025 22.016
 51     1.343 54015.28344746 20.57  68.140306  66.511955 22.016
 51     1.397 54015.28344810 20.05  68.136986  66.508875 22.016
 51     3.400 54015.28344875 19.36  68.133666  66.505795 22.016
 51     4.078 54015.28344939 19.76  68.130346  66.502715 22.016
 51     4.377 54015.28345004 23.23  68.127036  66.499645 22.016
 52     1.212 54050.28344765 22.12  68.144199  66.523905  5.127
 52     1.069 54050.28344830 23.08  68.140879  66.520825  5.127
 52     0.988 54050.28344894 24.02  68.137559  66.517745  5.127
 52     1.011 54050.28344959 24.65  68.134239  66.514675  5.127
 52     1.006 54050.28345023 24.60  68.130929  66.511595  5.127
 52     0.941 54050.28345088 25.12  68.127609  66.508515  5.127
 52     0.948 54050.28345152 24.68  68.124289  66.505435  5.127
 52     0.851 54050.28345217 24.55  68.120979  66.502355  5.127
 52     0.897 54050.28345281 23.60  68.117659  66.499275  5.127
 54     1.383 54120.28336838 14.33  68.110410  66.520767  3.402
 54     1.299 54120.28336903 14.66  68.107090  66.517687  3.402
 54     1.083 54120.28336967 14.78  68.103780  66.514607  3.402
 54     1.007 54120.28337032 15.18  68.100460  66.511527  3.402
 54     1.092 54120.28337096 15.75  68.097150  66.508447  3.402
 54     1.398 54120.28337161 15.60  68.093840  66.505367  3.402
 54     2.154 54120.28337225 14.29  68.090530  66.502287  3.402
 54     2.426 54120.28337290 13.88  68.087210  66.499207  3.402
 56     3.722 54190.28336513  6.31  68.115936  66.520349  1.992
 56     3.197 54190.28336577  6.02  68.112626  66.517279  1.992
 56     3.590 54190.28336641  5.89  68.109306  66.514199  1.992
 56     3.545 54190.28336706  5.60  68.105989  66.511117  2.145
 56     3.308 54190.28336770  5.51  68.102679  66.508037  2.145
 56     4.782 54190.28336835  5.07  68.099369  66.504957  2.145
 56     4.912 54190.28336899  4.93  68.096049  66.501877  2.145
 56    25.384 54190.28336964  4.37  68.092739  66.498807  2.145
 56    25.942 54190.28337028  4.16  68.089429  66.495727  2.145
 57     2.913 54225.28340855 18.58  68.137788  66.523559  6.581
 57     2.824 54225.28340919 18.89  68.134468  66.520479  6.581
 57     2.534 54225.28340984 18.79  68.131148  66.517409  6.581
 57     2.189 54225.28341048 19.21  68.127828  66.514329  6.581
 57     1.743 54225.28341113 21.83  68.124508  66.511249  6.581
 57     2.178 54225.28341177 21.70  68.121187  66.508172 14.065
 57     2.497 54225.28341242 21.66  68.117877  66.505092 14.065
 57     2.686 54225.28341306 23.17  68.114557  66.502012 14.065
 57     2.814 54225.28341371 24.43  68.111247  66.498932 14.065
 58     3.895 54260.28342884 26.34  68.136525  66.524045 40.814
 58     3.627 54260.28342948 23.40  68.133205  66.520965 40.814
 58     3.332 54260.28343013 18.44  68.129885  66.517885 40.814
 58     3.372 54260.28343077 16.14  68.126575  66.514805 40.814
 58     2.766 54260.28343142 16.55  68.123255  66.511735 40.814
 58     3.306 54260.28343206 16.01  68.119935  66.508655 40.814
 58     3.663 54260.28343271 16.34  68.116616  66.505575 41.874
 58     3.938 54260.28343335 17.23  68.113306  66.502495 41.874
 58     4.114 54260.28343400 22.51  68.109986  66.499415 41.874
 58     4.471 54260.28343464 34.90  68.106676  66.496335 41.874
 59     3.720 54295.28343280 27.37  68.136112  66.524207 44.208
 59     3.511 54295.28343344 23.61  68.132792  66.521127 44.208
 59     3.533 54295.28343409 18.83  68.129472  66.518057 44.208
 59     3.128 54295.28343473 20.30  68.126152  66.514977 44.208
 59     2.777 54295.28343538 20.26  68.122832  66.511897 44.208
 59     2.103 54295.28343602 20.26  68.119522  66.508820 38.913
 59     1.479 54295.28343667 22.01  68.116202  66.505740 38.913
 59     3.249 54295.28343731 21.18  68.112892  66.502660 38.913
 59     3.759 54295.28343796 22.68  68.109572  66.499580 38.913
 59     4.126 54295.28343860 30.71  68.106262  66.496500 38.913
 60     3.664 54330.28342565 24.89  68.131072  66.524278 40.897
 60     3.318 54330.28342629 23.21  68.127762  66.521198 40.897
 60     3.367 54330.28342694 17.92  68.124442  66.518118 40.897
 60     3.147 54330.28342758 16.99  68.121122  66.515048 40.897
 60     3.136 54330.28342823 17.31  68.117802  66.511968 40.897
 60     2.654 54330.28342887 18.27  68.114489  66.508888 35.608
 60     2.560 54330.28342952 20.84  68.111179  66.505808 35.608
 60     3.313 54330.28343016 19.73  68.107859  66.502728 35.608
 60     3.737 54330.28343081 19.38  68.104549  66.499648 35.608
 60     4.193 54330.28343145 21.70  68.101239  66.496568 35.608
 61     2.893 54365.28337130 29.15  68.116543  66.521038 35.346
 61     2.665 54365.28337195 28.29  68.113233  66.517958 35.346
 61     2.150 54365.28337259 22.19  68.109913  66.514878 35.346
 61     1.607 54365.28337324 23.16  68.106603  66.511798 35.346
 61     1.027 54365.28337388 26.32  68.103287  66.508723 31.020
 61     1.586 54365.28337453 28.41  68.099967  66.505643 31.020
 61     1.924 54365.28337517 34.54  68.096657  66.502563 31.020
 61     2.238 54365.28337582 36.22  68.093347  66.499493 31.020
 61     2.443 54365.28337646 36.20  68.090037  66.496413 31.020
 62     3.503 54400.28336698 27.91  68.137657  66.524356 17.948
 62     3.265 54400.28336763 25.84  68.134337  66.521286 17.948
 62     2.912 54400.28336827 21.87  68.131027  66.518206 17.948
 62     2.272 54400.28336892 21.75  68.127707  66.515126 17.948
 62     1.446 54400.28336956 21.82  68.124389  66.512051 21.539
 62     0.814 54400.28337021 24.23  68.121069  66.508971 21.539
 62     1.272 54400.28337085 25.14  68.117749  66.505891 21.539
 62     1.479 54400.28337150 27.90  68.114439  66.502811 21.539
 62     1.351 54400.28337214 36.35  68.111129  66.499731 21.539
 62     1.672 54400.28337279 36.49  68.107809  66.496651 21.539
 63     0.810 54435.28332504 22.32  68.123603  66.523384  2.774
 63     0.732 54435.28332569 22.57  68.120293  66.520314  2.774
 63     0.789 54435.28332633 23.58  68.116973  66.517234  2.774
 63     0.705 54435.28332698 23.62  68.113659  66.514154  4.287
 63     0.621 54435.28332762 23.93  68.110339  66.511074  4.287
 63     0.744 54435.28332827 23.43  68.107029  66.507994  4.287
 63     0.922 54435.28332891 22.54  68.103709  66.504914  4.287
 63     1.077 54435.28332955 21.65  68.100399  66.501834  4.287
 63     1.445 54435.28333020 21.16  68.097089  66.498754  4.287
 64     1.069 54470.28335035 15.26  68.146581  66.524655  2.583
 64     1.292 54470.28335099 15.38  68.143261  66.521585  2.583
 64     1.039 54470.28335164 16.13  68.139941  66.518505  2.583
 64     1.140 54470.28335228 16.26  68.136621  66.515425  2.583
 64     0.907 54470.28335293 16.89  68.133301  66.512345  2.583
 64     0.887 54470.28335357 16.83  68.129985  66.509272  3.810
 64     0.957 54470.28335422 16.02  68.126665  66.506192  3.810
 64     0.887 54470.28335486 15.95  68.123355  66.503112  3.810
 64     0.867 54470.28335551 15.47  68.120035  66.500032  3.810
 64     1.452 54470.28335615 14.54  68.116725  66.496952  3.810
 65     0.903 54505.28333927 13.18  68.121186  66.521340  2.898
 65     0.841 54505.28333992 14.34  68.117866  66.518260  2.898
 65     0.821 54505.28334056 14.69  68.114546  66.515180  2.898
 65     0.758 54505.28334121 14.22  68.111236  66.512100  2.898
 65     0.871 54505.28334185 14.43  68.107916  66.509020  2.898
 65     0.989 54505.28334250 14.87  68.104606  66.505950  2.898
 65     1.326 54505.28334314 14.21  68.101296  66.502870  2.898
 65     1.878 54505.28334378 13.09  68.097976  66.499790  2.898
 65     2.332 54505.28334443 12.49  68.094666  66.496710  2.898
 66     0.883 54540.28336604 11.80  68.134476  66.522684  2.721
 66     0.687 54540.28336669 12.07  68.131156  66.519604  2.721
 66     0.891 54540.28336733 11.89  68.127836  66.516524  2.721
 66     0.675 54540.28336798 12.35  68.124526  66.513454  2.721
 66     0.828 54540.28336862 12.39  68.121206  66.510374  2.721
 66     0.772 54540.28336927 12.80  68.117886  66.507294  2.721
 66     0.984 54540.28336991 12.28  68.114576  66.504214  2.721
 66     1.333 54540.28337056 11.51  68.111256  66.501134  2.721
 66     1.763 54540.28337120 10.90  68.107946  66.498054  2.721
 67     2.832 54575.28334011  6.85  68.120493  66.521986  2.332
 67     1.479 54575.28334076  7.79  68.117173  66.518906  2.332
 67     1.313 54575.28334140  8.38  68.113853  66.515826  2.332
 67     1.165 54575.28334205  8.53  68.110543  66.512746  2.332
 67     1.239 54575.28334269  8.46  68.107223  66.509666  2.332
 67     1.606 54575.28334334  8.01  68.103913  66.506596  2.332
 67     1.987 54575.28334398  7.56  68.100593  66.503516  2.332
 67     2.747 54575.28334463  6.93  68.097283  66.500436  2.332
 67     3.746 54575.28334527  6.44  68.093973  66.497356  2.332
 68     3.449 54610.28335823 29.33  68.133039  66.522188 26.187
 68     3.168 54610.28335887 24.17  68.129719  66.519108 26.187
 68     2.979 54610.28335951 21.31  68.126399  66.516028 26.187
 68     2.501 54610.28336016 22.16  68.123079  66.512948 26.187
 68     2.928 54610.28336080 20.05  68.119769  66.509868 26.187
 68     3.376 54610.28336145 21.92  68.116449  66.506798 26.187
 68     3.445 54610.28336209 29.64  68.113139  66.503718 26.187
 68     3.491 54610.28336274 41.17  68.109819  66.500638 26.187
 68     3.529 54610.28336338 31.29  68.106509  66.497558 26.187
 69     3.831 54645.28336576 24.23  68.132643  66.523347 30.870
 69     3.357 54645.28336641 23.94  68.129323  66.520267 30.870
 69     3.422 54645.28336705 20.15  68.126003  66.517187 30.870
 69     3.170 54645.28336769 18.33  68.122683  66.514107 30.870
 69     2.741 54645.28336834 18.55  68.119373  66.511037 30.870
 69     3.271 54645.28336898 17.09  68.116053  66.507957 30.870
 69     2.967 54645.28336963 20.07  68.112733  66.504877 30.870
 69     3.523 54645.28337027 18.84  68.109423  66.501797 30.870
 69     3.896 54645.28337092 19.87  68.106113  66.498717 30.870
 70     3.190 54680.28336676 43.49  68.133029  66.524600 27.711
 70     2.979 54680.28336741 32.05  68.129709  66.521520 27.711
 70     2.826 54680.28336805 30.55  68.126389  66.518440 27.711
 70     2.636 54680.28336870 30.94  68.123069  66.515360 27.711
 70     2.674 54680.28336934 29.24  68.119749  66.512280 27.711
 70     2.413 54680.28336999 30.23  68.116439  66.509200 27.711
 70     2.010 54680.28337063 32.16  68.113119  66.506130 27.711
 70     1.795 54680.28337128 32.34  68.109809  66.503050 27.711
 70     1.893 54680.28337192 34.23  68.106489  66.499970 27.711
 70     2.834 54680.28337256 33.25  68.103179  66.496890 27.711
 71     3.133 54715.28331809 29.88  68.119300  66.522098 32.906
 71     2.780 54715.28331874 30.76  68.115980  66.519018 32.906
 71     1.825 54715.28331938 30.12  68.112670  66.515938 32.906
 71    -0.131 54715.28332003 30.63  68.109350  66.512858 32.906
 71     0.531 54715.28332067 32.79  68.106040  66.509778 32.906
 71     1.092 54715.28332132 34.01  68.102720  66.506698 32.906
 71     1.732 54715.28332196 35.10  68.099410  66.503618 32.906
 71     1.889 54715.28332261 39.71  68.096100  66.500548 32.906
 71     1.948 54715.28332325 40.44  68.092790  66.497468 32.906
 72     1.337 54750.28333740 42.86  68.139986  66.523998 11.524
 72     1.305 54750.28333805 37.38  68.136666  66.520918 11.524
 72     1.231 54750.28333869 35.99  68.133346  66.517838 11.524
 72     0.916 54750.28333933 35.85  68.130026  66.514758 11.524
 72     1.025 54750.28333998 36.15  68.126706  66.511678 11.524
 72     0.922 54750.28334062 38.74  68.123396  66.508608 11.524
 72     1.012 54750.28334127 36.11  68.120076  66.505528 11.524
 72     1.203 54750.28334191 36.82  68.116766  66.502448 11.524
 72     1.159 54750.28334256 36.83  68.113446  66.499368 11.524
 73     1.376 54785.28330657 31.31  68.127047  66.523574 13.375
 73     1.447 54785.28330722 35.70  68.123727  66.520494 13.375
 73     1.331 54785.28330786 37.62  68.120407  66.517414 13.375
 73     1.460 54785.28330851 39.32  68.117087  66.514334 13.375
 73     1.369 54785.28330915 39.05  68.113777  66.511254 13.375
 73     1.390 54785.28330979 39.44  68.110457  66.508184 13.375
 73     1.490 54785.28331044 39.49  68.107147  66.505104 13.375
 73     1.354 54785.28331108 34.13  68.103837  66.502024 13.375
 73     1.558 54785.28331173 28.74  68.100517  66.498944 13.375
 74     3.202 54820.28333007 16.27  68.142757  66.524920  3.323
 74     2.745 54820.28333072 16.58  68.139437  66.521840  3.323
 74     2.263 54820.28333136 17.30  68.136117  66.518760  3.323
 74     1.356 54820.28333200 17.87  68.132797  66.515680  3.323
 74     1.075 54820.28333265 18.11  68.129477  66.512610  3.323
 74     1.048 54820.28333329 17.87  68.126157  66.509530  3.323
 74     1.107 54820.28333394 17.77  68.122847  66.506450  3.323
 74     1.157 54820.28333458 17.92  68.119527  66.503370  3.323
 74     1.612 54820.28333523 17.50  68.116217  66.500290  3.323
 74     3.101 54820.28333587 16.32  68.112897  66.497210  3.323
 75     3.078 54855.28330288 13.89  68.128350  66.523617  2.964
 75     2.457 54855.28330353 14.36  68.125040  66.520537  2.964
 75     1.238 54855.28330417 14.69  68.121720  66.517457  2.964
 75     1.061 54855.28330482 14.57  68.118400  66.514377  2.964
 75     0.942 54855.28330546 15.36  68.115080  66.511297  2.964
 75     0.980 54855.28330611 15.11  68.111770  66.508217  2.964
 75     1.153 54855.28330675 15.35  68.108450  66.505137  2.964
 75     1.932 54855.28330740 14.03  68.105140  66.502067  2.964
 75     2.184 54855.28330804 13.47  68.101830  66.498987  2.964
 76     2.533 54890.28333521 11.99  68.129919  66.522400  2.662
 76     2.101 54890.28333586 12.03  68.126599  66.519320  2.662
 76     0.898 54890.28333650 12.54  68.123279  66.516240  2.662
 76     0.817 54890.28333715 12.82  68.119969  66.513170  2.662
 76     0.926 54890.28333779 12.47  68.116649  66.510090  2.662
 76     1.185 54890.28333843 12.56  68.113329  66.507010  2.662
 76     1.311 54890.28333908 12.33  68.110019  66.503930  2.662
 76     1.629 54890.28333972 12.16  68.106699  66.500850  2.662
 76     2.219 54890.28334037 11.46  68.103389  66.497770  2.662
 77     1.224 54925.28330268 12.97  68.114695  66.521529  2.568
 77     1.111 54925.28330333 13.20  68.111375  66.518449  2.568
 77     1.036 54925.28330397 13.24  68.108055  66.515369  2.568
 77     0.918 54925.28330462 13.21  68.104745  66.512289  2.568
 77     1.153 54925.28330526 13.24  68.101425  66.509209  2.568
 77     1.413 54925.28330591 13.34  68.098115  66.506129  2.568
 77     1.787 54925.28330655 11.82  68.094805  66.503059  2.568
 77     2.113 54925.28330720 11.52  68.091485  66.499979  2.568
 77     2.371 54925.28330784 11.74  68.088175  66.496899  2.568
 78     2.087 54960.28333202 30.31  68.140773  66.525858 23.249
 78     1.878 54960.28333267 28.41  68.137453  66.522788 23.249
 78     1.798 54960.28333331 23.32  68.134133  66.519708 23.249
 78     1.578 54960.28333396 18.09  68.130813  66.516628 23.249
 78     0.964 54960.28333460 20.39  68.127493  66.513548 23.249
 78     1.236 54960.28333525 21.71  68.124173  66.510468 23.249
 78     1.636 54960.28333589 24.17  68.120863  66.507388 23.249
 78     1.919 54960.28333654 31.00  68.117543  66.504318 23.249
 78     2.127 54960.28333718 38.98  68.114233  66.501238 23.249
 78     2.233 54960.28333783 42.20  68.110913  66.498158 23.249
 79     3.774 54995.28335498 23.82  68.128755  66.521521 24.545
 79     3.008 54995.28335562 20.61  68.125435  66.518441 24.545
 79     3.914 54995.28335627 16.07  68.122115  66.515361 24.545
 79     3.906 54995.28335691 16.21  68.118795  66.512281 24.545
 79     3.853 54995.28335756 16.49  68.115485  66.509211 24.545
 79     3.871 54995.28335820 15.96  68.112165  66.506131 24.545
 79     3.920 54995.28335885 16.27  68.108855  66.503051 24.545
 79     4.072 54995.28335949 18.37  68.105535  66.499971 24.545
 79     4.218 54995.28336014 28.16  68.102225  66.496891 24.545
 80     3.022 55030.28334481 22.42  68.129718  66.521626 26.754
 80     2.581 55030.28334545 22.20  68.126398  66.518546 26.754
 80     2.720 55030.28334610 16.90  68.123078  66.515466 26.754
 80     2.372 55030.28334674 15.68  68.119768  66.512396 26.754
 80     2.114 55030.28334739 18.13  68.116448  66.509316 26.754
 80     2.421 55030.28334803 19.11  68.113128  66.506236 26.754
 80     3.213 55030.28334868 17.74  68.109818  66.503156 26.754
 80     3.337 55030.28334932 19.53  68.106508  66.500076 26.754
 80     3.649 55030.28334996 22.77  68.103188  66.496996 26.754
 81     3.044 55065.28333499 29.74  68.130025  66.523232 30.643
 81     2.338 55065.28333563 26.29  68.126715  66.520152 30.643
 81    -2.508 55065.28333628 25.86  68.123395  66.517072 30.643
 81    -1.253 55065.28333692 29.61  68.120075  66.513992 30.643
 81    -0.099 55065.28333757 30.10  68.116755  66.510912 30.643
 81     0.511 55065.28333821 32.37  68.113445  66.507832 30.643
 81     1.190 55065.28333886 33.28  68.110125  66.504762 30.643
 81     1.586 55065.28333950 36.21  68.106815  66.501682 30.643
 81     1.917 55065.28334015 37.67  68.103505  66.498602 30.643
 82    -3.019 55100.28327891 29.71  68.113144  66.521406 34.094
 82    -1.635 55100.28327955 28.43  68.109824  66.518326 34.094
 82    -0.719 55100.28328020 29.22  68.106514  66.515246 34.094
 82     0.140 55100.28328084 31.64  68.103194  66.512166 34.094
 82     0.795 55100.28328149 33.00  68.099884  66.509086 34.094
 82     1.332 55100.28328213 35.45  68.096564  66.506006 34.094
 82     1.671 55100.28328278 37.88  68.093254  66.502926 34.094
 82     1.952 55100.28328342 39.44  68.089944  66.499846 34.094
 82     2.170 55100.28328407 44.35  68.086634  66.496776 34.094
 83     1.326 55135.28327980 36.80  68.139966  66.524589 18.878
 83     1.352 55135.28328045 38.18  68.136646  66.521509 18.878
 83     1.342 55135.28328109 31.96  68.133326  66.518429 18.878
 83     1.138 55135.28328173 28.81  68.130006  66.515349 18.878
 83     1.375 55135.28328238 30.18  68.126686  66.512269 18.878
 83     1.315 55135.28328302 34.73  68.123376  66.509199 18.878
 83     1.400 55135.28328367 37.68  68.120056  66.506119 18.878
 83     1.339 55135.28328431 45.04  68.116736  66.503039 18.878
 83     1.285 55135.28328496 43.19  68.113426  66.499959 18.878
 83     1.115 55135.28328560 29.13  68.110116  66.496879 18.878
 84     0.842 55170.28324384 19.78  68.124594  66.522989  4.011
 84     0.984 55170.28324448 20.47  68.121274  66.519909  4.011
 84     0.991 55170.28324513 20.65  68.117954  66.516829  4.011
 84     0.891 55170.28324577 21.64  68.114634  66.513749  4.011
 84     0.901 55170.28324642 22.58  68.111324  66.510669  4.011
 84     0.967 55170.28324706 21.00  68.108004  66.507599  4.011
 84     0.862 55170.28324771 21.41  68.104694  66.504519  4.011
 84     0.894 55170.28324835 20.18  68.101384  66.501439  4.011
 84     0.913 55170.28324900 18.97  68.098064  66.498359  4.011
 85     1.009 55205.28327318 13.96  68.139118  66.523310  3.220
 85     1.266 55205.28327382 14.39  68.135798  66.520230  3.220
 85     1.081 55205.28327447 15.08  68.132478  66.517150  3.220
 85     0.952 55205.28327511 16.42  68.129158  66.514070  3.220
 85     0.997 55205.28327575 15.12  68.125838  66.511000  3.220
 85     1.011 55205.28327640 14.71  68.122528  66.507920  3.220
 85     0.964 55205.28327704 15.14  68.119208  66.504840  3.220
 85     1.000 55205.28327769 14.79  68.115898  66.501760  3.220
 85     1.027 55205.28327833 13.76  68.112578  66.498680  3.220
 86     0.901 55240.28325060 13.10  68.119809  66.521755  2.924
 86     1.033 55240.28325124 12.78  68.116489  66.518675  2.924
 86     1.017 55240.28325189 13.24  68.113169  66.515595  2.924
 86     0.832 55240.28325253 13.85  68.109859  66.512515  2.924
 86     0.879 55240.28325318 13.76  68.106539  66.509435  2.924
 86     1.044 55240.28325382 13.33  68.103229  66.506365  2.924
 86     1.107 55240.28325447 12.75  68.099909  66.503285  2.924
 86     1.585 55240.28325511 12.03  68.096599  66.500205  2.924
 86     1.879 55240.28325576 11.41  68.093289  66.497125  2.924
 87     0.968 55275.28326749 12.87  68.129477  66.523053  2.830
 87     0.938 55275.28326814 13.49  68.126157  66.519973  2.830
 87     0.853 55275.28326878 13.88  68.122837  66.516893  2.830
 87     1.027 55275.28326943 13.67  68.119527  66.513823  2.830
 87     0.951 55275.28327007 14.28  68.116207  66.510743  2.830
 87     1.079 55275.28327072 13.72  68.112887  66.507663  2.830
 87     1.371 55275.28327136 13.25  68.109577  66.504583  2.830
 87     1.573 55275.28327201 13.23  68.106267  66.501503  2.830
 87     2.086 55275.28327265 11.99  68.102947  66.498423  2.830
 88     2.845 55310.28323448 16.85  68.118694  66.520509 14.276
 88     2.476 55310.28323512 16.94  68.115374  66.517429 14.276
 88     1.080 55310.28323577 17.51  68.112054  66.514349 14.276
 88     0.695 55310.28323641 18.73  68.108744  66.511269 14.276
 88     0.893 55310.28323706 24.36  68.105424  66.508189 14.276
 88     1.423 55310.28323770 24.59  68.102114  66.505109 14.276
 88     1.652 55310.28323835 24.11  68.098794  66.502029 14.276
 88     1.887 55310.28323899 20.62  68.095484  66.498959 14.276
 88     2.113 55310.28323964 19.88  68.092174  66.495879 14.276
 89     3.888 55345.28323613 25.02  68.133293  66.522561 35.442
 89     3.560 55345.28323678 22.77  68.129973  66.519481 35.442
 89     3.472 55345.28323742 18.65  68.126663  66.516401 35.442
 89     2.956 55345.28323807 18.25  68.123345  66.513325 35.003
 89     2.736 55345.28323871 17.50  68.120025  66.510245 35.003
 89     3.351 55345.28323936 16.89  68.116705  66.507165 35.003
 89     3.810 55345.28324000 16.66  68.113395  66.504085 35.003
 89     3.987 55345.28324064 19.07  68.110075  66.501005 35.003
 89     4.150 55345.28324129 24.83  68.106765  66.497935 35.003
 90     3.080 55380.28323017 24.66  68.125690  66.521369 28.422
 90     2.926 55380.28323081 20.69  68.122370  66.518289 28.422
 90     2.701 55380.28323146 18.53  68.119060  66.515209 28.422
 90     2.399 55380.28323210 17.07  68.115740  66.512129 28.422
 90     2.535 55380.28323275 15.74  68.112420  66.509059 28.422
 90     2.759 55380.28323339 16.42  68.109110  66.505979 28.422
 90     3.110 55380.28323404 15.86  68.105790  66.502899 28.422
 90     3.503 55380.28323468 16.46  68.102480  66.499819 28.422
 90     4.000 55380.28323533 23.24  68.099170  66.496739 28.422
 91     3.189 55415.28325531 27.18  68.141468  66.523602 25.411
 91     2.705 55415.28325596 22.64  68.138148  66.520522 25.411
 91     2.383 55415.28325660 19.26  68.134828  66.517442 25.411
 91     2.239 55415.28325725 16.29  68.131508  66.514362 25.411
 91     2.222 55415.28325789 15.69  68.128188  66.511282 25.411
 91     2.617 55415.28325854 15.76  68.124878  66.508212 25.411
 91     2.774 55415.28325918 16.50  68.121558  66.505132 25.411
 91     3.233 55415.28325982 17.50  68.118238  66.502052 25.411
 91     3.001 55415.28326047 23.25  68.114928  66.498972 25.411
 92     3.271 55450.28324167 23.79  68.126863  66.522619 25.984
 92     2.736 55450.28324232 21.62  68.123553  66.519539 25.984
 92     2.196 55450.28324296 21.50  68.120233  66.516459 25.984
 92    -0.078 55450.28324361 24.37  68.116913  66.513379 25.984
 92     0.334 55450.28324425 27.76  68.113603  66.510299 25.984
 92     0.963 55450.28324490 29.05  68.110283  66.507219 25.984
 92     1.335 55450.28324554 32.13  68.106973  66.504149 25.984
 92     1.707 55450.28324619 31.85  68.103653  66.501069 25.984
 92     1.914 55450.28324683 32.89  68.100343  66.497989 25.984
 93     3.513 55485.28316709 23.04  68.116115  66.522362 23.245
 93     3.080 55485.28316773 24.00  68.112795  66.519282 23.245
 93    -0.863 55485.28316838 25.47  68.109485  66.516202 23.245
 93    -0.144 55485.28316902 27.47  68.106165  66.513122 23.245
 93     0.588 55485.28316967 28.25  68.102855  66.510042 23.245
 93     1.203 55485.28317031 28.18  68.099535  66.506962 23.245
 93     1.714 55485.28317096 30.78  68.096225  66.503882 23.245
 93     1.844 55485.28317160 32.48  68.092915  66.500812 23.245
 93     2.272 55485.28317225 30.00  68.089605  66.497732 23.245
