# NaN NaN NaN ;Mean Elev.(m), Avg Gradient(m/km), RMS Gradient(m/km) - SRTM1     
#    4.450   0.732   5.079 ;Mean Elev.(m), Avg Gradient(m/km), RMS Gradient(m/km) - ASTER GDEM
#   10.614  -0.156   1.654 ;Mean Elev.(m), Avg Gradient(m/km), RMS Gradient(m/km) - GMTED2010 
  6    18.345 52418.68715740 31.64  65.983230  62.450611 14.477
  6    18.004 52418.68715804 22.06  65.980710  62.453751 14.477
  6    17.840 52418.68715869 21.65  65.978180  62.456891 14.477
  6    17.317 52418.68715933 21.68  65.975660  62.460031 14.477
  6    16.898 52418.68715998 23.04  65.973130  62.463181 14.477
  7    22.587 52453.68718312 20.16  65.988945  62.449618 19.104
  7    22.319 52453.68718377 17.87  65.986425  62.452758 19.104
  7    21.920 52453.68718441 18.25  65.983895  62.455898 19.104
  7    21.574 52453.68718506 18.16  65.981375  62.459038 19.104
  7    21.238 52453.68718570 16.96  65.978845  62.462188 19.104
  8    19.782 52488.68716144 26.54  65.999577  62.450141  5.617
  8    19.410 52488.68716209 25.19  65.997047  62.453281  5.617
  8    19.288 52488.68716273 23.21  65.994527  62.456421  5.617
  8    18.669 52488.68716338 23.89  65.991997  62.459561  5.617
  9    18.041 52523.68713602 20.72  66.001931  62.450228 28.536
  9    17.459 52523.68713666 18.07  65.999411  62.453378 28.536
  9    17.100 52523.68713731 19.21  65.996891  62.456518 28.536
  9    16.816 52523.68713795 18.69  65.994363  62.459663  2.832
 10    17.279 52558.68718664 26.71  65.983612  62.450900 22.497
 10    16.658 52558.68718728 21.71  65.981082  62.454040 22.497
 10    15.922 52558.68718792 21.49  65.978562  62.457180 22.497
 10    15.189 52558.68718857 20.37  65.976035  62.460328  2.406
 10    14.768 52558.68718921 20.12  65.973505  62.463468  2.406
 12    15.588 52628.68711273 21.08  65.987702  62.450657  4.082
 12    15.613 52628.68711338 21.93  65.985182  62.453797  4.082
 12    15.498 52628.68711402 21.82  65.982652  62.456937  4.082
 12    15.496 52628.68711467 21.18  65.980132  62.460082  4.306
 12    15.271 52628.68711531 20.49  65.977602  62.463222  4.306
 13    15.568 52663.68714945 11.46  65.992065  62.451266  2.399
 13    14.726 52663.68715009 11.59  65.989545  62.454406  2.399
 13    14.367 52663.68715074 11.82  65.987025  62.457556  2.399
 13    14.127 52663.68715138 11.29  65.984494  62.460696  2.708
 14    16.611 52698.68712463  9.10  65.984763  62.450294  2.184
 14    15.875 52698.68712527  9.86  65.982243  62.453434  2.184
 14    15.812 52698.68712592  9.16  65.979713  62.456574  2.184
 14    14.175 52698.68712656  9.62  65.977193  62.459714  2.184
 14    13.308 52698.68712721  9.61  65.974657  62.462860  2.891
 15    18.099 52733.68714752 10.40  66.004120  62.450463  2.068
 15    17.466 52733.68714816  9.79  66.001600  62.453613  2.068
 15    16.257 52733.68714881 10.33  65.999070  62.456753  2.068
 15    16.139 52733.68714945  9.81  65.996550  62.459893  2.068
 16    16.100 52768.68714932 35.55  66.004494  62.448481 29.156
 16    16.070 52768.68714996 37.35  66.001974  62.451631 29.156
 16    16.043 52768.68715061 38.69  65.999444  62.454771 29.156
 16    16.075 52768.68715125 38.49  65.996920  62.457917 10.433
 16    16.014 52768.68715190 34.77  65.994400  62.461057 10.433
 17    18.295 52803.68717364 27.21  65.978885  62.451529 48.515
 17    18.206 52803.68717428 25.40  65.976354  62.454676  4.580
 17    18.173 52803.68717493 24.44  65.973834  62.457816  4.580
 17    18.156 52803.68717557 25.62  65.971304  62.460956  4.580
 17    18.092 52803.68717622 25.31  65.968774  62.464106  4.580
 18    18.269 52838.68723645 25.49  65.986768  62.450751 30.065
 18    17.834 52838.68723710 23.03  65.984248  62.453901 30.065
 18    17.665 52838.68723774 20.85  65.981723  62.457039  4.924
 18    17.553 52838.68723839 17.98  65.979193  62.460179  4.924
 18    16.905 52838.68723903 17.28  65.976673  62.463319  4.924
 20    11.888 52908.68725578 34.23  66.004674  62.448056 19.117
 20    11.831 52908.68725643 35.28  66.002154  62.451196 19.117
 20    11.860 52908.68725707 38.08  65.999624  62.454346 19.117
 20    11.969 52908.68725772 36.28  65.997104  62.457486 19.117
 20    11.771 52908.68725836 33.28  65.994582  62.460629  4.975
 21    11.177 52943.68718669 37.89  65.987452  62.450551 11.666
 21    11.178 52943.68718734 40.08  65.984932  62.453691 11.666
 21    11.238 52943.68718798 40.19  65.982402  62.456841 11.666
 21    11.235 52943.68718863 39.84  65.979872  62.459981 11.666
 21    11.173 52943.68718927 39.70  65.977352  62.463121 11.666
 23    11.238 53013.68724211 16.46  65.995343  62.450645  3.821
 23    11.254 53013.68724276 17.13  65.992823  62.453795  3.821
 23    11.270 53013.68724340 16.00  65.990293  62.456938  3.667
 23    11.093 53013.68724405 17.24  65.987773  62.460078  3.667
 24    16.367 53048.68721340 12.84  65.982992  62.452025  2.421
 24    11.580 53048.68721405 13.90  65.980472  62.455165  2.421
 24    15.443 53048.68721469 13.41  65.977941  62.458313  2.979
 24    11.455 53048.68721533 13.49  65.975421  62.461453  2.979
 24    11.394 53048.68721598 13.30  65.972891  62.464593  2.979
 25    16.549 53083.68724869  8.67  65.989253  62.452413  2.128
 25    16.587 53083.68724934  8.48  65.986723  62.455563  2.128
 25    15.353 53083.68724998  8.54  65.984207  62.458705  2.527
 25    14.881 53083.68725063  7.94  65.981677  62.461845  2.527
 26    17.797 53118.68721932  8.97  65.980468  62.452430  1.920
 26    17.271 53118.68721997  9.43  65.977940  62.455579  2.398
 26    16.710 53118.68722061  9.24  65.975420  62.458719  2.398
 26    15.271 53118.68722126  9.54  65.972890  62.461859  2.398
 26    16.050 53118.68722190  9.07  65.970370  62.465009  2.398
 27    17.394 53153.68726971 29.29  65.984839  62.449835 40.336
 27    17.335 53153.68727035 30.72  65.982319  62.452985 40.336
 27    17.247 53153.68727100 31.19  65.979789  62.456126  4.927
 27    17.333 53153.68727164 31.79  65.977269  62.459266  4.927
 27    17.440 53153.68727229 29.56  65.974739  62.462406  4.927
 28    17.890 53188.68725783 24.20  65.999110  62.449163 43.164
 28    17.812 53188.68725848 18.40  65.996590  62.452303 43.164
 28    17.861 53188.68725912 17.57  65.994060  62.455453 43.164
 28    17.910 53188.68725977 17.14  65.991537  62.458594  3.424
 28    17.963 53188.68726041 17.07  65.989017  62.461734  3.424
 29    16.724 53223.68727383 19.40  66.000853  62.449015 28.805
 29    13.979 53223.68727447 21.69  65.998333  62.452165 28.805
 29    14.116 53223.68727512 21.83  65.995803  62.455305 28.805
 29    14.357 53223.68727576 22.00  65.993286  62.458448  5.911
 29    14.337 53223.68727641 29.93  65.990756  62.461588  5.911
 30    16.540 53258.68724978 14.91  65.997907  62.451829 32.517
 30    16.170 53258.68725043 16.55  65.995387  62.454969 32.517
 30    15.622 53258.68725107 15.11  65.992866  62.458114  3.487
 30    14.875 53258.68725171 13.48  65.990336  62.461254  3.487
 31    16.794 53293.68727339 13.23  65.975583  62.451976 22.824
 31    16.451 53293.68727403 15.67  65.973063  62.455125  3.399
 31    16.091 53293.68727468 11.89  65.970533  62.458265  3.399
 31    15.192 53293.68727532 10.89  65.968003  62.461405  3.399
 31    13.972 53293.68727597 10.26  65.965483  62.464555  3.399
 32    14.633 53328.68724628 32.28  65.995233  62.451650  8.547
 32    14.635 53328.68724692 30.41  65.992713  62.454800  8.547
 32    14.538 53328.68724757 29.94  65.990191  62.457941  5.956
 32    14.557 53328.68724821 27.85  65.987661  62.461081  5.956
 33    14.394 53363.68719792 20.25  66.006873  62.448664  4.681
 33    14.525 53363.68719856 20.69  66.004353  62.451804  4.681
 33    14.537 53363.68719921 22.08  66.001833  62.454944  4.681
 33    14.437 53363.68719985 19.97  65.999303  62.458094  4.681
 34    12.700 53398.68722192 13.15  65.986164  62.450578  3.227
 34    12.738 53398.68722257 13.19  65.983634  62.453718  3.227
 34    12.759 53398.68722321 13.34  65.981116  62.456866  3.168
 34    12.662 53398.68722385 12.97  65.978586  62.460006  3.168
 34    12.593 53398.68722450 12.23  65.976056  62.463146  3.168
 35    12.189 53433.68721191 11.54  66.004339  62.449669  2.728
 35    12.151 53433.68721256 11.92  66.001819  62.452809  2.728
 35    12.056 53433.68721320 11.38  65.999299  62.455959  2.728
 35    12.010 53433.68721385 11.16  65.996770  62.459102  2.786
 36    15.798 53468.68725345  9.87  65.981229  62.452299  2.040
 36    15.442 53468.68725409  9.53  65.978708  62.455446  2.398
 36    16.034 53468.68725474  9.21  65.976178  62.458586  2.398
 36    15.225 53468.68725538  9.19  65.973648  62.461726  2.398
 36    11.967 53468.68725603  9.39  65.971128  62.464876  2.398
 37    17.763 53503.68729934 33.94  65.988742  62.450790 43.453
 37    17.629 53503.68729998 34.85  65.986222  62.453940 43.453
 37    17.585 53503.68730063 32.78  65.983700  62.457083  5.814
 37    17.476 53503.68730127 33.77  65.981170  62.460223  5.814
 37    17.799 53503.68730192 31.81  65.978650  62.463363  5.814
 38    17.771 53538.68729601 18.94  65.992416  62.452129 41.298
 38    17.437 53538.68729666 15.98  65.989896  62.455279 41.298
 38    17.301 53538.68729730 16.57  65.987371  62.458423  5.059
 38    17.196 53538.68729795 12.94  65.984841  62.461563  5.059
 39    15.980 53573.68729525 30.26  65.992739  62.452087 24.382
 39    15.993 53573.68729589 29.63  65.990209  62.455237 24.382
 39    15.994 53573.68729654 31.16  65.987683  62.458380  5.529
 39    16.009 53573.68729718 31.51  65.985163  62.461520  5.529
 40    16.536 53608.68724386 18.17  66.006587  62.448181 22.982
 40    16.045 53608.68724451 18.50  66.004067  62.451321 22.982
 40    13.014 53608.68724515 19.35  66.001537  62.454461 22.982
 40    13.137 53608.68724580 21.91  65.999017  62.457611 22.982
 40    13.060 53608.68724644 24.15  65.996495  62.460756  5.937
 41    12.298 53643.68724742 30.54  65.979699  62.452830 15.795
 41    12.359 53643.68724807 31.22  65.977170  62.455977  5.678
 41    12.372 53643.68724871 29.87  65.974640  62.459117  5.678
 41    12.384 53643.68724935 29.83  65.972120  62.462257  5.678
 41    12.564 53643.68725000 29.46  65.969590  62.465407  5.678
 42    16.927 53678.68726487 22.98  65.989433  62.450975 26.190
 42    16.631 53678.68726552 17.48  65.986903  62.454125 26.190
 42    16.248 53678.68726616 13.62  65.984384  62.457266  3.191
 42    15.370 53678.68726681 11.30  65.981854  62.460406  3.191
 42    14.675 53678.68726745 11.07  65.979334  62.463546  3.191
 43    12.439 53713.68719273 29.10  66.006288  62.450261  7.384
 43    12.460 53713.68719337 29.48  66.003768  62.453401  7.384
 43    12.352 53713.68719401 34.06  66.001248  62.456551  7.384
 43    12.379 53713.68719466 29.97  65.998721  62.459695  6.015
 44    12.549 53748.68710763 11.51  65.984005  62.450456  2.795
 44    12.649 53748.68710828 13.16  65.981475  62.453596  2.795
 44    12.688 53748.68710892 13.31  65.978956  62.456741  3.371
 44    12.702 53748.68710957 12.75  65.976426  62.459881  3.371
 44    12.548 53748.68711021 12.69  65.973896  62.463031  3.371
 45    11.760 53783.68713804 10.47  65.999184  62.451245  2.778
 45    11.680 53783.68713869  9.85  65.996654  62.454385  2.778
 45    11.676 53783.68713933  9.76  65.994134  62.457535  2.778
 45    11.614 53783.68713998 10.19  65.991606  62.460676  2.634
 46    17.643 53818.68709939  7.46  66.014263  62.448030  2.006
 46    17.467 53818.68710003  7.13  66.011743  62.451170  2.006
 46    16.227 53818.68710068  7.22  66.009223  62.454320  2.006
 46    15.525 53818.68710132  7.37  66.006693  62.457460  2.006
 47    16.940 53853.68717885  5.90  65.982244  62.449924  2.450
 47    16.106 53853.68717950  6.01  65.979714  62.453074  2.450
 47    14.917 53853.68718014  5.93  65.977194  62.456214  2.877
 47    12.139 53853.68718079  5.96  65.974664  62.459354  2.877
 47    11.826 53853.68718143  5.66  65.972134  62.462494  2.877
 48    17.347 53888.68718614 25.48  66.000106  62.449197 29.522
 48    17.348 53888.68718679 27.27  65.997586  62.452337 29.522
 48    17.330 53888.68718743 26.34  65.995056  62.455477 29.522
 48    17.260 53888.68718808 27.29  65.992533  62.458627  3.762
 48    17.421 53888.68718872 26.50  65.990013  62.461767  3.762
 49    17.327 53923.68725570 19.69  65.979023  62.453018 46.507
 49    17.358 53923.68725634 15.76  65.976495  62.456161  4.840
 49    17.518 53923.68725699 16.94  65.973965  62.459301  4.840
 49    17.749 53923.68725763 15.43  65.971445  62.462441  4.840
 49    17.672 53923.68725828 14.94  65.968915  62.465581  4.840
 50    14.660 53958.68724681 23.95  65.989990  62.451329 22.490
 50    14.732 53958.68724746 22.44  65.987460  62.454479 22.490
 50    14.700 53958.68724810 24.25  65.984937  62.457624  4.416
 50    14.637 53958.68724875 24.70  65.982417  62.460764  4.416
 51    12.298 53993.68717681 21.18  65.976712  62.452675 22.196
 51    12.676 53993.68717746 20.97  65.974185  62.455820  6.865
 51    12.967 53993.68717810 22.60  65.971655  62.458960  6.865
 51    13.130 53993.68717875 21.88  65.969125  62.462100  6.865
 51    13.162 53993.68717939 24.30  65.966605  62.465250  6.865
 52    17.153 54028.68723620 17.00  65.985706  62.450688 14.316
 52    16.669 54028.68723684 13.59  65.983186  62.453828 14.316
 52    16.090 54028.68723749 10.11  65.980658  62.456976  3.305
 52    15.448 54028.68723813 10.74  65.978128  62.460116  3.305
 52    14.651 54028.68723878  9.90  65.975608  62.463256  3.305
 53    14.948 54063.68722907 32.56  66.001013  62.449296  7.498
 53    14.959 54063.68722972 34.41  65.998483  62.452436  7.498
 53    14.984 54063.68723036 33.92  65.995963  62.455586  7.498
 53    15.040 54063.68723101 31.12  65.993441  62.458727  5.835
 54    14.273 54098.68719660 11.85  66.003787  62.449208  2.643
 54    14.032 54098.68719724 12.39  66.001267  62.452348  2.643
 54    14.162 54098.68719789 12.09  65.998747  62.455498  2.643
 54    13.792 54098.68719853 13.19  65.996224  62.458642  2.983
 55    17.238 54133.68715365 10.57  65.983965  62.450238  2.009
 55    16.739 54133.68715430 10.83  65.981445  62.453378  2.009
 55    16.472 54133.68715494 10.68  65.978917  62.456527  2.558
 55    15.722 54133.68715559 10.54  65.976387  62.459667  2.558
 55    15.646 54133.68715623 10.29  65.973867  62.462807  2.558
 56    17.250 54168.68717089  9.37  66.000574  62.448845  2.214
 56    16.444 54168.68717153  9.82  65.998054  62.451985  2.214
 56    15.685 54168.68717218  9.39  65.995534  62.455135  2.214
 56    13.290 54168.68717282  9.84  65.993005  62.458278  2.505
 56    13.380 54168.68717347  9.20  65.990485  62.461418  2.505
 57    12.241 54203.68715803  9.41  65.981753  62.452782 11.658
 57    12.051 54203.68715868 11.44  65.979230  62.455929 16.591
 57    12.076 54203.68715932 17.29  65.976700  62.459069 16.591
 57    12.234 54203.68715997 16.27  65.974180  62.462209 16.591
 58    17.886 54238.68719247 22.83  65.992035  62.451185 50.127
 58    17.412 54238.68719312 23.33  65.989515  62.454325 50.127
 58    17.297 54238.68719376 18.91  65.986985  62.457475 50.127
 58    17.920 54238.68719441 16.67  65.984465  62.460616  4.818
 59    19.033 54273.68721038 22.01  65.993436  62.452267 19.130
 59    18.663 54273.68721103 21.99  65.990916  62.455407 19.130
 59    18.363 54273.68721167 20.00  65.988388  62.458550  4.881
 59    18.398 54273.68721232 16.58  65.985858  62.461690  4.881
 60    19.914 54308.68721198 30.30  65.991787  62.451248 18.601
 60    19.661 54308.68721262 29.00  65.989267  62.454398 18.601
 60    19.451 54308.68721327 28.05  65.986738  62.457539  3.949
 60    19.019 54308.68721391 29.14  65.984208  62.460679  3.949
 61    17.577 54343.68718933 23.36  66.004366  62.449990 29.254
 61    17.364 54343.68718997 21.66  66.001846  62.453140 29.254
 61    17.298 54343.68719062 21.87  65.999326  62.456280 29.254
 61    17.176 54343.68719126 20.85  65.996799  62.459425  2.827
 62    13.623 54378.68714762 33.50  65.987391  62.450708 22.638
 62    13.723 54378.68714826 34.72  65.984861  62.453848 22.638
 62    13.859 54378.68714891 35.04  65.982342  62.456997  8.528
 62    13.853 54378.68714955 36.08  65.979812  62.460137  8.528
 62    13.836 54378.68715020 42.78  65.977282  62.463277  8.528
 63    12.754 54413.68713713 51.26  65.997287  62.449298 21.171
 63    12.775 54413.68713777 52.68  65.994767  62.452438 21.171
 63    12.808 54413.68713842 48.30  65.992237  62.455588 21.171
 63    12.773 54413.68713906 48.84  65.989717  62.458730 11.694
 63    12.726 54413.68713971 46.52  65.987187  62.461870 11.694
 64    12.555 54448.68711427 24.20  65.983530  62.451056  6.899
 64    12.481 54448.68711491 25.80  65.981010  62.454196  6.899
 64    12.411 54448.68711556 25.64  65.978482  62.457344  9.566
 64    12.746 54448.68711620 32.31  65.975952  62.460484  9.566
 64    12.718 54448.68711685 47.98  65.973432  62.463624  9.566
 65    16.266 54483.68713146 10.62  65.993513  62.451805  2.886
 65    15.599 54483.68713210 12.07  65.990993  62.454955  2.886
 65    11.697 54483.68713275 15.38  65.988465  62.458095  3.300
 65    12.087 54483.68713339 11.79  65.985935  62.461235  3.300
 66    17.018 54518.68712761 12.37  65.987664  62.449876  2.547
 66    17.138 54518.68712825 11.01  65.985134  62.453016  2.547
 66    16.541 54518.68712890 11.18  65.982614  62.456156  2.547
 66    15.836 54518.68712954 11.54  65.980084  62.459296  2.547
 66    15.228 54518.68713018 10.78  65.977554  62.462446  2.547
 67    18.622 54553.68714282  2.86  66.001574  62.449482  2.212
 67    18.148 54553.68714346  2.28  65.999043  62.452627  4.671
 67    17.605 54553.68714410  2.94  65.996523  62.455767  4.671
 67    16.681 54553.68714475  3.90  65.994003  62.458907  4.671
 68    13.695 54588.68712382 22.35  65.989180  62.451285 12.517
 68    13.536 54588.68712447 19.66  65.986660  62.454425 12.517
 68    13.640 54588.68712511 17.80  65.984130  62.457565 12.517
 68    13.827 54588.68712576 18.11  65.981610  62.460715 12.517
 69    17.292 54623.68714127 23.87  65.993884  62.451871  8.065
 69    17.651 54623.68714191 20.78  65.991364  62.455011  8.065
 69    17.855 54623.68714256 20.27  65.988834  62.458151  8.065
 69    18.009 54623.68714320 27.37  65.986304  62.461291  8.065
 70    17.958 54658.68714999 27.43  65.991153  62.450595  4.413
 70    18.009 54658.68715064 28.19  65.988633  62.453735  4.413
 70    17.984 54658.68715128 27.39  65.986103  62.456875  4.413
 70    17.990 54658.68715193 27.49  65.983583  62.460015  4.413
 70    17.970 54658.68715257 27.14  65.981053  62.463165  4.413
 71    13.623 54693.68713105 32.76  65.997519  62.451390 24.874
 71    13.502 54693.68713170 34.09  65.994994  62.454535  6.300
 71    13.577 54693.68713234 32.85  65.992474  62.457675  6.300
 71    13.828 54693.68713299 35.20  65.989944  62.460815  6.300
 72    17.020 54728.68710422 22.91  65.986751  62.451204  5.394
 72    16.253 54728.68710486 14.72  65.984221  62.454344  5.394
 72    15.910 54728.68710551 12.85  65.981701  62.457484  5.394
 72    15.162 54728.68710615 12.80  65.979171  62.460624  5.394
 72    12.584 54728.68710680 12.09  65.976651  62.463774  5.394
 73    12.933 54763.68710864 47.60  65.992911  62.450814 14.938
 73    12.872 54763.68710929 47.37  65.990381  62.453954 14.938
 73    13.033 54763.68710993 45.94  65.987861  62.457094 14.938
 73    12.917 54763.68711058 48.56  65.985341  62.460234 14.938
 74    15.023 54798.68709774 47.78  65.981047  62.452012 20.340
 74    14.869 54798.68709838 46.09  65.978527  62.455152 20.340
 74    14.916 54798.68709903 45.45  65.975997  62.458302 20.340
 74    14.880 54798.68709967 48.65  65.973477  62.461442 20.340
 74    14.861 54798.68710032 47.30  65.970947  62.464582 20.340
 75    14.551 54833.68709940 22.21  65.993508  62.451865  6.294
 75    14.552 54833.68710005 22.52  65.990988  62.455005  6.294
 75    14.436 54833.68710069 21.98  65.988458  62.458145  6.294
 75    14.388 54833.68710134 22.16  65.985938  62.461285  6.294
 76    16.960 54868.68709388 12.70  65.984453  62.450611  3.021
 76    16.347 54868.68709453 13.15  65.981933  62.453751  3.021
 76    15.824 54868.68709517 13.46  65.979403  62.456891  3.021
 76    13.350 54868.68709582 13.55  65.976873  62.460041  3.021
 76    13.193 54868.68709646 13.04  65.974353  62.463181  3.021
 77    14.548 54903.68710850  9.77  65.999019  62.451033  3.125
 77    12.399 54903.68710914  9.99  65.996499  62.454173  3.125
 77    12.259 54903.68710979 10.26  65.993969  62.457313  3.125
 77    12.163 54903.68711043  9.94  65.991449  62.460453  3.125
 78    17.023 54938.68708510  5.57  65.986718  62.452398  2.731
 78    16.729 54938.68708574  6.39  65.984188  62.455538  2.731
 78    16.347 54938.68708639  5.70  65.981668  62.458678  2.731
 78    15.297 54938.68708703  6.06  65.979138  62.461828  2.731
 79    17.545 54973.68711614 32.85  65.990027  62.451201 10.134
 79    17.795 54973.68711679 36.36  65.987507  62.454341 10.134
 79    17.813 54973.68711743 40.42  65.984977  62.457481 10.134
 79    17.800 54973.68711808 39.79  65.982457  62.460621 10.134
 80    17.095 55008.68713058 19.04  65.994075  62.451459  4.522
 80    17.297 55008.68713122 15.43  65.991545  62.454599  4.522
 80    17.527 55008.68713187 14.41  65.989025  62.457739  4.522
 80    17.577 55008.68713251 13.44  65.986495  62.460879  4.522
 81    17.020 55043.68712036 17.48  65.992105  62.451432  4.781
 81    16.714 55043.68712101 14.35  65.989585  62.454572  4.781
 81    16.054 55043.68712165 14.95  65.987055  62.457712  4.781
 81    16.131 55043.68712230 12.61  65.984535  62.460852  4.781
 82    16.837 55078.68709727 14.31  66.001386  62.449785 26.123
 82    16.412 55078.68709791 13.46  65.998863  62.452922  3.270
 82    16.011 55078.68709856 14.06  65.996343  62.456072  3.270
 82    15.668 55078.68709920 13.96  65.993823  62.459212  3.270
 83    16.721 55113.68705262 26.50  65.988545  62.450873 30.644
 83    12.421 55113.68705327 22.15  65.986018  62.454013  7.880
 83    12.061 55113.68705391 21.38  65.983488  62.457153  7.880
 83    11.721 55113.68705456 21.86  65.980968  62.460293  7.880
 83    11.153 55113.68705520 22.30  65.978438  62.463433  7.880
 84    12.199 55148.68705291 35.67  65.992778  62.450596 11.436
 84    12.208 55148.68705355 36.02  65.990248  62.453736 11.436
 84    12.226 55148.68705420 36.87  65.987728  62.456876 11.436
 84    12.264 55148.68705484 34.59  65.985198  62.460016 11.436
 85    12.124 55183.68703539 18.59  65.981905  62.452705  9.784
 85    12.590 55183.68703603 20.79  65.979385  62.455845  9.784
 85    12.777 55183.68703668 20.64  65.976855  62.458995  9.784
 85    13.018 55183.68703732 39.62  65.974325  62.462135  9.784
 86    11.903 55218.68705090  8.68  65.994640  62.451998  2.758
 86    11.887 55218.68705154  8.50  65.992110  62.455138  2.758
 86    11.920 55218.68705219  8.86  65.989590  62.458278  2.758
 86    11.923 55218.68705283  8.00  65.987060  62.461418  2.758
 87    16.548 55253.68703115  7.46  65.986097  62.452650  2.564
 87    14.508 55253.68703180  7.23  65.983567  62.455790  2.564
 87    11.851 55253.68703244  7.51  65.981047  62.458940  2.564
 87    12.188 55253.68703309  7.01  65.978517  62.462080  2.564
 88    18.089 55288.68704031  3.11  66.001895  62.449587  2.340
 88    32.498 55288.68704096  2.88  65.999368  62.452733  2.165
 88    17.334 55288.68704160  3.07  65.996848  62.455873  2.165
 88    16.425 55288.68704225  2.85  65.994318  62.459013  2.165
 89    15.735 55323.68701862 31.98  65.990823  62.451661 12.393
 89    15.833 55323.68701927 32.25  65.988303  62.454801 12.393
 89    15.816 55323.68701991 30.32  65.985773  62.457941 12.393
 89    15.774 55323.68702056 28.39  65.983253  62.461081 12.393
 90    17.589 55358.68701684 25.62  65.993782  62.451505  3.751
 90    17.577 55358.68701748 27.29  65.991252  62.454645  3.751
 90    17.576 55358.68701813 27.08  65.988732  62.457785  3.751
 90    17.771 55358.68701877 27.54  65.986202  62.460925  3.751
 91    17.579 55393.68702032 24.56  65.988112  62.450169  7.266
 91    17.200 55393.68702097 23.39  65.985582  62.453309  7.266
 91    16.736 55393.68702161 19.76  65.983062  62.456449  7.266
 91    17.510 55393.68702226 14.43  65.980532  62.459589  7.266
 91    17.565 55393.68702290 13.52  65.978002  62.462739  7.266
 92    15.789 55428.68703292 31.11  65.992317  62.451780  5.988
 92    15.580 55428.68703356 31.94  65.989797  62.454920  5.988
 92    15.536 55428.68703420 30.61  65.987267  62.458060  5.988
 92    15.722 55428.68703485 30.74  65.984747  62.461200  5.988
 93    13.353 55463.68699559 25.11  66.004968  62.450580 27.991
 93    13.738 55463.68699624 22.39  66.002440  62.453727  6.588
 93    13.079 55463.68699688 22.48  65.999920  62.456867  6.588
 93    12.441 55463.68699752 21.43  65.997390  62.460007  6.588
