# NaN NaN NaN ;Mean Elev.(m), Avg Gradient(m/km), RMS Gradient(m/km) - SRTM1     
#   14.534   0.043  12.127 ;Mean Elev.(m), Avg Gradient(m/km), RMS Gradient(m/km) - ASTER GDEM
#    2.000  -0.649   8.350 ;Mean Elev.(m), Avg Gradient(m/km), RMS Gradient(m/km) - GMTED2010 
  7     8.258 52466.68178773 24.50  65.558696  65.365650 20.198
  7     8.003 52466.68178837 22.78  65.555646  65.368750 20.198
  7     8.740 52466.68178902 21.77  65.552586  65.371840 20.198
  7     9.201 52466.68178966 22.12  65.549536  65.374940 20.198
  8     9.246 52501.68178027 37.89  65.563953  65.366441 17.935
  8     9.169 52501.68178092 34.98  65.560893  65.369541 17.935
  8     8.687 52501.68178156 33.29  65.557843  65.372641 17.935
  8     8.883 52501.68178221 33.03  65.554793  65.375741 17.935
  9     7.532 52536.68176634 49.52  65.542587  65.362959 20.264
  9     7.344 52536.68176699 50.89  65.539537  65.366049 20.264
  9     7.543 52536.68176763 50.53  65.536479  65.369153 33.838
  9     7.470 52536.68176828 49.05  65.533419  65.372253 33.838
 10     4.913 52571.68180206 29.77  65.555950  65.363908 13.868
 10     4.911 52571.68180270 23.61  65.552900  65.367008 13.868
 10     5.143 52571.68180335 22.76  65.549850  65.370108 13.868
 10     5.333 52571.68180399 24.68  65.546790  65.373208 13.868
 11     4.048 52606.68176352 31.78  65.569438  65.364035  9.461
 11     4.433 52606.68176416 28.14  65.566388  65.367135  9.461
 11     4.531 52606.68176481 28.68  65.563338  65.370235  9.461
 11     4.611 52606.68176545 28.10  65.560288  65.373335  9.461
 11     4.370 52606.68176610 30.49  65.557228  65.376435  9.461
 12     4.982 52641.68175974 17.39  65.548884  65.364902  3.982
 12     5.401 52641.68176038 16.91  65.545824  65.368002  3.982
 12     6.370 52641.68176103 16.66  65.542774  65.371102  3.982
 12     7.449 52641.68176167 16.34  65.539714  65.374202  3.982
 13     3.751 52676.68174721 17.23  65.568617  65.365159  3.788
 13     3.779 52676.68174786 16.87  65.565567  65.368259  3.788
 13     5.563 52676.68174850 16.73  65.562517  65.371359  3.788
 13     6.039 52676.68174914 17.18  65.559467  65.374459  3.788
 13     6.818 52676.68174979 16.98  65.556407  65.377559  3.788
 14     4.115 52711.68177606 12.96  65.550971  65.363399  3.885
 14     5.344 52711.68177671 13.13  65.547911  65.366499  3.885
 14     5.977 52711.68177735 13.18  65.544861  65.369599  3.885
 14     6.682 52711.68177800 13.13  65.541801  65.372699  3.885
 15     6.830 52746.68180336  7.12  65.557844  65.365615  5.749
 15     7.326 52746.68180400  6.06  65.554794  65.368715  5.749
 15     7.822 52746.68180465  5.42  65.551734  65.371815  5.749
 15     8.884 52746.68180529  4.16  65.548684  65.374915  5.749
 16     9.549 52781.68174195 47.82  65.544822  65.362698 25.481
 16     9.453 52781.68174260 50.09  65.541772  65.365798 25.481
 16     9.120 52781.68174324 49.43  65.538712  65.368898 25.481
 16     9.185 52781.68174388 49.96  65.535652  65.371998 25.481
 17     8.155 52816.68182166 25.31  65.545952  65.361264 18.449
 17     7.666 52816.68182230 24.00  65.542892  65.364364 18.449
 17     7.137 52816.68182294 27.93  65.539842  65.367464 18.449
 17     7.625 52816.68182359 28.12  65.536782  65.370564 18.449
 17     8.581 52816.68182423 29.19  65.533732  65.373664 18.449
 19     4.367 52886.68190701 24.78  65.556759  65.363139 10.116
 19     4.001 52886.68190765 26.83  65.553709  65.366239 10.116
 19     3.626 52886.68190830 28.40  65.550659  65.369339 10.116
 19     3.540 52886.68190894 28.69  65.547599  65.372439 10.116
 20     2.651 52921.68186210 36.08  65.570011  65.363973 18.296
 20     3.268 52921.68186275 31.20  65.566951  65.367073 18.296
 20     6.064 52921.68186339 22.63  65.563901  65.370173 18.296
 20     5.079 52921.68186404 22.16  65.560851  65.373273 18.296
 20     6.602 52921.68186468 21.10  65.557801  65.376373 18.296
 21     3.057 52956.68182737 22.20  65.555432  65.363474  5.241
 21     2.722 52956.68182801 23.30  65.552372  65.366574  5.241
 21     2.642 52956.68182866 24.11  65.549322  65.369674  5.241
 21     6.548 52956.68182930 23.67  65.546262  65.372774  5.241
 22     4.515 52991.68184657 17.43  65.560606  65.365578  4.459
 22     5.806 52991.68184722 18.37  65.557556  65.368678  4.459
 22     6.977 52991.68184786 17.90  65.554496  65.371778  4.459
 22     7.630 52991.68184851 18.46  65.551446  65.374878  4.459
 23     4.904 53026.68181235 12.21  65.575969  65.366268  3.241
 23     6.602 53026.68181299 11.52  65.572919  65.369368  3.241
 23     6.885 53026.68181364 12.48  65.569859  65.372468  3.241
 23     7.618 53026.68181428 13.90  65.566809  65.375568  3.241
 23     8.084 53026.68181493 14.03  65.563759  65.378668  3.241
 24     5.158 53061.68182186 11.99  65.563261  65.365270  3.206
 24     6.582 53061.68182251 11.82  65.560211  65.368370  3.206
 24     6.634 53061.68182315 12.22  65.557151  65.371470  3.206
 24     7.649 53061.68182380 12.51  65.554101  65.374570  3.206
 25     7.594 53096.68184750 10.96  65.565111  65.364173  3.272
 25     7.165 53096.68184815 11.12  65.562061  65.367273  3.272
 25     7.102 53096.68184879 11.11  65.559011  65.370373  3.272
 25     7.262 53096.68184944 11.54  65.555951  65.373473  3.272
 25     7.959 53096.68185008 11.17  65.552901  65.376573  3.272
 26     6.915 53131.68182086  6.73  65.561510  65.365053  4.313
 26     7.492 53131.68182150  4.58  65.558450  65.368153  4.313
 26     7.561 53131.68182215  3.53  65.555400  65.371253  4.313
 26     8.788 53131.68182279  3.06  65.552340  65.374353  4.313
 28     7.803 53201.68189762 44.52  65.557730  65.364213 15.282
 28     7.720 53201.68189827 38.72  65.554680  65.367313 15.282
 28     7.577 53201.68189891 37.73  65.551620  65.370413 15.282
 28     7.401 53201.68189956 36.19  65.548570  65.373513 15.282
 29     4.732 53236.68186620 30.34  65.576000  65.363503 13.334
 29     4.365 53236.68186685 28.78  65.572940  65.366603 13.334
 29     4.750 53236.68186749 19.29  65.569890  65.369703 13.334
 29     5.059 53236.68186814 17.82  65.566840  65.372803 13.334
 29     8.530 53236.68186878 17.88  65.563790  65.375903 13.334
 29     8.375 53236.68186943 17.04  65.560730  65.379003 13.334
 30     3.610 53271.68182496 29.02  65.546097  65.362357 12.951
 30     4.056 53271.68182560 22.61  65.543047  65.365457 12.951
 30     3.640 53271.68182625 21.24  65.539987  65.368557 12.951
 30     8.089 53271.68182689 18.70  65.536927  65.371657 12.951
 31     3.888 53306.68188898 38.17  65.549571  65.362239 15.795
 31     3.910 53306.68188962 48.51  65.546521  65.365339 15.795
 31     4.052 53306.68189027 49.29  65.543461  65.368439 15.795
 31     3.928 53306.68189091 46.65  65.540411  65.371539 15.795
 31     3.215 53306.68189156 47.30  65.537351  65.374639 15.795
 32     3.959 53341.68185655 17.90  65.564751  65.365436  6.624
 32     4.688 53341.68185720 17.91  65.561701  65.368536  6.624
 32     3.990 53341.68185784 19.33  65.558651  65.371636  6.624
 32     4.015 53341.68185849 23.97  65.555601  65.374736  6.624
 32     3.864 53341.68185913 28.88  65.552541  65.377836  6.624
 33     3.574 53376.68178888 15.49  65.575063  65.365913  3.601
 33     4.819 53376.68178952 16.71  65.572013  65.369013  3.601
 33     5.535 53376.68179017 16.26  65.568963  65.372113  3.601
 33     5.626 53376.68179081 16.69  65.565913  65.375213  3.601
 33     3.742 53376.68179146 17.03  65.562853  65.378313  3.601
 34     3.220 53411.68183173 16.34  65.562269  65.364869  4.200
 34     4.805 53411.68183237 16.08  65.559219  65.367969  4.200
 34     6.449 53411.68183301 16.00  65.556159  65.371069  4.200
 34     7.400 53411.68183366 16.20  65.553109  65.374169  4.200
 35     3.626 53446.68181460 14.34  65.544978  65.360429  3.989
 35     5.245 53446.68181524 14.33  65.541928  65.363529  3.989
 35     6.073 53446.68181589 14.76  65.538868  65.366629  3.989
 35     6.624 53446.68181653 14.18  65.535818  65.369719  3.989
 35     7.622 53446.68181718 14.08  65.532760  65.372821  3.854
 36     7.988 53481.68190017  7.12  65.548920  65.361769  3.082
 36     8.114 53481.68190082  7.29  65.545870  65.364869  3.082
 36     8.170 53481.68190146  7.05  65.542810  65.367969  3.082
 36     8.205 53481.68190211  7.76  65.539760  65.371069  3.082
 36     8.065 53481.68190275  7.85  65.536700  65.374169  3.082
 37     8.846 53516.68190342 47.41  65.561928  65.365269 21.166
 37     8.829 53516.68190407 48.71  65.558878  65.368369 21.166
 37     8.760 53516.68190471 46.25  65.555828  65.371469 21.166
 37     8.468 53516.68190536 47.03  65.552768  65.374569 21.166
 38     8.109 53551.68192373 44.85  65.557006  65.364191 18.904
 38     7.985 53551.68192438 42.79  65.553956  65.367291 18.904
 38     7.952 53551.68192502 44.24  65.550906  65.370391 18.904
 38     7.878 53551.68192567 47.29  65.547846  65.373491 18.904
 39     5.883 53586.68187887 14.33  65.568607  65.365793  8.620
 39     6.360 53586.68187951 14.38  65.565557  65.368893  8.620
 39     7.292 53586.68188016 13.40  65.562507  65.371993  8.620
 39     8.152 53586.68188080 15.16  65.559457  65.375093  8.620
 39     8.395 53586.68188145 15.41  65.556397  65.378193  8.620
 40     3.685 53621.68184310 31.07  65.539026  65.362667 23.739
 40     3.545 53621.68184375 26.05  65.535966  65.365757 23.739
 40     8.277 53621.68184439 19.89  65.532916  65.368857 23.739
 40     8.831 53621.68184504 20.32  65.529856  65.371957 23.739
 41     4.207 53656.68187086 21.76  65.552571  65.362794 11.236
 41     4.284 53656.68187150 20.08  65.549521  65.365894 11.236
 41     4.387 53656.68187215 18.46  65.546461  65.368994 11.236
 41     7.687 53656.68187279 16.65  65.543411  65.372094 11.236
 42     4.117 53691.68185792 23.54  65.563529  65.364134 10.134
 42     3.676 53691.68185857 25.18  65.560479  65.367234 10.134
 42     3.841 53691.68185921 27.33  65.557429  65.370334 10.134
 42     3.968 53691.68185986 34.34  65.554379  65.373434 10.134
 42     3.988 53691.68186050 41.91  65.551319  65.376534 10.134
 43     2.806 53726.68178132 25.35  65.578657  65.364864  7.083
 43     3.219 53726.68178196 25.30  65.575607  65.367964  7.083
 43     3.130 53726.68178261 26.87  65.572557  65.371064  7.083
 43     3.158 53726.68178325 27.57  65.569507  65.374164  7.083
 43     2.999 53726.68178390 28.29  65.566447  65.377264  7.083
 43     2.946 53726.68178454 26.70  65.563397  65.380364  7.083
 44     3.512 53761.68173348 15.66  65.557002  65.363672  3.953
 44     4.338 53761.68173412 15.83  65.553942  65.366772  3.953
 44     5.597 53761.68173477 15.98  65.550892  65.369872  3.953
 44     6.257 53761.68173541 15.84  65.547832  65.372972  3.953
 45     7.322 53796.68174640 14.44  65.574701  65.363276  3.260
 45     4.956 53796.68174705 14.65  65.571651  65.366376  3.260
 45     6.183 53796.68174769 14.45  65.568591  65.369476  3.260
 45     6.001 53796.68174834 14.51  65.565541  65.372576  3.260
 45     6.259 53796.68174898 14.85  65.562491  65.375676  3.260
 45     7.403 53796.68174963 15.66  65.559431  65.378776  3.260
 47     2.473 53866.68180540 12.08  65.550214  65.365036 11.451
 47     2.601 53866.68180604 10.53  65.547154  65.368136 11.451
 47     2.696 53866.68180668  8.51  65.544104  65.371236 11.451
 47     5.359 53866.68180733  8.56  65.541044  65.374336 11.451
 48     8.177 53901.68183473 23.60  65.556340  65.366098 15.913
 48     7.560 53901.68183538 26.05  65.553290  65.369198 15.913
 48     7.110 53901.68183602 25.71  65.550230  65.372298 15.913
 48     8.608 53901.68183667 23.34  65.547180  65.375398 15.913
 49     7.930 53936.68187340 29.65  65.550534  65.362989 18.973
 49     6.625 53936.68187405 31.39  65.547484  65.366089 18.973
 49     6.857 53936.68187469 29.18  65.544434  65.369189 18.973
 49     7.258 53936.68187534 26.46  65.541374  65.372289 18.973
 50     5.424 53971.68183900 44.69  65.563245  65.364978 20.248
 50     5.196 53971.68183964 47.87  65.560185  65.368078 20.248
 50     5.150 53971.68184029 46.53  65.557135  65.371178 20.248
 50     5.188 53971.68184093 46.80  65.554085  65.374278 20.248
 50     5.138 53971.68184158 50.12  65.551025  65.377378 20.248
 51     4.774 54006.68182181 23.58  65.549366  65.362782 10.847
 51     4.368 54006.68182246 22.89  65.546316  65.365882 10.847
 51     4.461 54006.68182310 20.68  65.543256  65.368982 10.847
 51     7.918 54006.68182374 18.58  65.540206  65.372082 10.847
 53     6.318 54076.68184244 16.60  65.566429  65.364858  4.687
 53     5.963 54076.68184308 17.05  65.563369  65.367958  4.687
 53     5.617 54076.68184373 17.41  65.560319  65.371058  4.687
 53     6.868 54076.68184437 17.05  65.557269  65.374158  4.687
 53     4.952 54076.68184502 17.35  65.554209  65.377258  4.687
 54     7.868 54111.68178339 12.51  65.574975  65.366626  6.938
 54     6.909 54111.68178404 12.74  65.571925  65.369726  6.938
 54     6.624 54111.68178468 13.47  65.568875  65.372826  6.938
 54     7.109 54111.68178533 13.91  65.565825  65.375926  6.938
 54     8.270 54111.68178597 14.34  65.562765  65.379026  6.938
 55     7.375 54146.68178438 12.18  65.553919  65.364054  3.160
 55     6.971 54146.68178502 11.97  65.550859  65.367154  3.160
 55     6.995 54146.68178567 12.20  65.547809  65.370254  3.160
 55     7.788 54146.68178631 12.15  65.544749  65.373354  3.160
 56     8.246 54181.68176983 12.20  65.576220  65.362702  3.124
 56     7.876 54181.68177047 11.83  65.573170  65.365802  3.124
 56     7.397 54181.68177112 12.15  65.570120  65.368902  3.124
 56     7.146 54181.68177176 12.27  65.567070  65.372002  3.124
 56     7.476 54181.68177241 12.27  65.564020  65.375102  3.124
 56     7.568 54181.68177305 12.96  65.560960  65.378202  3.124
 57     4.048 54216.68179308 34.69  65.551415  65.365628 16.417
 57     4.286 54216.68179373 28.43  65.548355  65.368728 16.417
 57     4.809 54216.68179437 24.92  65.545305  65.371828 16.417
 58     8.378 54251.68181901 25.03  65.557263  65.364345 16.977
 58     8.019 54251.68181965 26.92  65.554213  65.367445 16.977
 58     7.685 54251.68182030 26.28  65.551153  65.370545 16.977
 58     8.539 54251.68182094 23.63  65.548103  65.373645 16.977
 59     8.610 54286.68182446 21.97  65.563632  65.365521 14.077
 59     8.174 54286.68182511 21.57  65.560582  65.368621 14.077
 59     8.296 54286.68182575 20.87  65.557532  65.371721 14.077
 59     8.958 54286.68182640 22.17  65.554472  65.374821 14.077
 60     8.638 54321.68182131 26.46  65.562955  65.364343 12.900
 60     8.258 54321.68182196 27.33  65.559905  65.367443 12.900
 60     7.891 54321.68182260 26.99  65.556855  65.370543 12.900
 60     8.303 54321.68182325 23.51  65.553795  65.373643 12.900
 60     8.913 54321.68182389 27.12  65.550745  65.376743 12.900
 61     7.920 54356.68178093 26.29  65.575132  65.364550 13.463
 61     7.092 54356.68178157 26.42  65.572082  65.367650 13.463
 61     6.926 54356.68178222 25.17  65.569022  65.370750 13.463
 61     6.733 54356.68178286 23.53  65.565972  65.373850 13.463
 61     7.109 54356.68178351 22.96  65.562922  65.376950 13.463
 61     8.965 54356.68178415 20.62  65.559872  65.380050 13.463
 62     6.090 54391.68176196 17.19  65.560454  65.364442  8.495
 62     6.723 54391.68176260 17.68  65.557404  65.367542  8.495
 62     7.404 54391.68176325 16.99  65.554344  65.370642  8.495
 62     8.286 54391.68176389 17.98  65.551294  65.373742  8.495
 63     2.484 54426.68173133 28.04  65.566338  65.365580  6.810
 63     2.781 54426.68173198 27.50  65.563278  65.368680  6.810
 63     2.870 54426.68173262 27.25  65.560228  65.371780  6.810
 63     2.721 54426.68173327 28.68  65.557178  65.374880  6.810
 63     2.878 54426.68173391 27.81  65.554118  65.377980  6.810
 64     6.060 54461.68173917 14.93  65.555621  65.363615  4.050
 64     6.499 54461.68173982 14.85  65.552561  65.366715  4.050
 64     7.210 54461.68174046 14.78  65.549511  65.369815  4.050
 64     7.766 54461.68174111 15.61  65.546461  65.372915  4.050
 65     6.814 54496.68173853 14.33  65.567585  65.365111  3.247
 65     6.211 54496.68173918 14.82  65.564535  65.368211  3.247
 65     6.673 54496.68173982 14.96  65.561485  65.371311  3.247
 65     7.797 54496.68174047 15.28  65.558435  65.374411  3.247
 65     7.704 54496.68174111 16.14  65.555375  65.377511  3.247
 66     5.944 54531.68175220 12.33  65.559207  65.363888  3.279
 66     6.037 54531.68175284 12.54  65.556157  65.366988  3.279
 66     6.629 54531.68175349 13.18  65.553097  65.370088  3.279
 66     7.256 54531.68175413 12.37  65.550047  65.373188  3.279
 67     8.445 54566.68174342  7.89  65.575951  65.363014  2.976
 67     7.500 54566.68174406  9.17  65.572901  65.366114  2.976
 67     6.883 54566.68174471  9.57  65.569851  65.369214  2.976
 67     6.099 54566.68174535  9.69  65.566801  65.372314  2.976
 67     6.832 54566.68174600  9.57  65.563751  65.375414  2.976
 67     7.366 54566.68174664  9.05  65.560698  65.378519  2.017
 68     6.071 54601.68174788 29.38  65.557965  65.364454 13.217
 68     5.753 54601.68174852 29.39  65.554915  65.367554 13.217
 68     5.685 54601.68174917 28.99  65.551855  65.370654 13.217
 68     5.697 54601.68174981 29.20  65.548805  65.373754 13.217
 69     7.858 54636.68175931 27.46  65.560474  65.364373 17.286
 69     7.677 54636.68175995 26.38  65.557414  65.367473 17.286
 69     7.478 54636.68176059 26.13  65.554364  65.370573 17.286
 69     6.780 54636.68176124 26.80  65.551314  65.373673 17.286
 70     7.965 54671.68176290 49.06  65.562814  65.364177 17.594
 70     7.956 54671.68176355 41.23  65.559764  65.367277 17.594
 70     7.980 54671.68176419 39.93  65.556704  65.370377 17.594
 70     7.946 54671.68176483 41.24  65.553654  65.373477 17.594
 70     8.121 54671.68176548 37.64  65.550600  65.376579 18.025
 71     6.818 54706.68172281 24.95  65.572224  65.363052 17.953
 71     6.703 54706.68172345 26.15  65.569174  65.366152 17.953
 71     6.110 54706.68172410 26.75  65.566124  65.369252 17.953
 71     5.362 54706.68172474 28.01  65.563064  65.372352 17.953
 71     4.527 54706.68172539 31.17  65.560014  65.375452 17.953
 71     4.765 54706.68172603 31.59  65.556966  65.378556 27.469
 72     4.145 54741.68172750 44.26  65.556678  65.364164 21.954
 72     4.005 54741.68172815 42.57  65.553628  65.367264 21.954
 72     3.662 54741.68172879 39.46  65.550568  65.370364 21.954
 72     3.274 54741.68172944 31.39  65.547518  65.373464 21.954
 73     4.577 54776.68170416 41.51  65.568099  65.364469 17.945
 73     4.547 54776.68170480 48.94  65.565049  65.367569 17.945
 73     4.419 54776.68170545 42.09  65.561999  65.370669 17.945
 73     4.541 54776.68170609 46.85  65.558939  65.373769 17.945
 73     4.491 54776.68170674 47.37  65.555884  65.376869  9.857
 74     3.913 54811.68172132 23.18  65.550489  65.365089  9.288
 74     3.777 54811.68172197 24.42  65.547439  65.368189  9.288
 74     3.672 54811.68172261 24.22  65.544379  65.371289  9.288
 74     3.761 54811.68172326 24.21  65.541329  65.374379  9.288
 75     4.874 54846.68170470 13.86  65.566775  65.365872  3.866
 75     5.011 54846.68170534 14.20  65.563725  65.368972  3.866
 75     6.001 54846.68170599 14.11  65.560665  65.372072  3.866
 75     5.870 54846.68170663 14.27  65.557615  65.375172  3.866
 75     7.435 54846.68170728 14.54  65.554566  65.378275  2.822
 76     4.172 54881.68172398 12.82  65.556894  65.363285  4.021
 76     5.830 54881.68172462 12.35  65.553844  65.366385  4.021
 76     6.020 54881.68172527 12.74  65.550794  65.369485  4.021
 76     6.317 54881.68172591 12.76  65.547734  65.372585  4.021
 77     7.115 54916.68170743 13.06  65.571137  65.364765  3.395
 77     6.807 54916.68170807 13.03  65.568087  65.367865  3.395
 77     6.061 54916.68170872 13.48  65.565037  65.370965  3.395
 77     5.651 54916.68170936 13.63  65.561987  65.374065  3.395
 77     5.434 54916.68171001 13.88  65.558930  65.377169  2.460
 78     6.923 54951.68171783  7.92  65.557278  65.363652  3.752
 78     7.299 54951.68171848  6.39  65.554228  65.366752  3.752
 78     7.074 54951.68171912  6.24  65.551168  65.369852  3.752
 78     7.546 54951.68171976  5.86  65.548118  65.372952  3.752
 79     8.196 54986.68174228 25.19  65.556767  65.363650 18.980
 79     7.981 54986.68174293 23.36  65.553717  65.366750 18.980
 79     7.751 54986.68174357 23.69  65.550667  65.369850 18.980
 79     8.540 54986.68174422 24.64  65.547607  65.372950 18.980
 80     7.687 55021.68173501 26.18  65.564168  65.365539  9.965
 80     7.339 55021.68173566 25.56  65.561108  65.368639  9.965
 80     7.214 55021.68173630 24.84  65.558058  65.371739  9.965
 80     7.609 55021.68173695 24.56  65.555008  65.374839  9.965
 81     5.571 55056.68173170 46.05  65.564400  65.365096 15.866
 81     5.657 55056.68173234 40.73  65.561340  65.368196 15.866
 81     5.781 55056.68173299 38.63  65.558290  65.371296 15.866
 81     5.846 55056.68173363 40.66  65.555240  65.374396 15.866
 81     5.778 55056.68173428 47.17  65.552184  65.377499 22.600
 82     5.241 55091.68168836 24.06  65.572232  65.363918 14.130
 82     4.689 55091.68168900 21.40  65.569182  65.367018 14.130
 82     5.304 55091.68168964 17.81  65.566132  65.370118 14.130
 82     5.366 55091.68169029 17.01  65.563082  65.373218 14.130
 82     8.305 55091.68169093 16.06  65.560022  65.376318 14.130
 82     9.224 55091.68169158 18.60  65.556969  65.379423 27.024
 83     3.619 55126.68167066 19.77  65.559907  65.363378 11.053
 83     5.899 55126.68167131 17.61  65.556857  65.366478 11.053
 83     7.059 55126.68167195 16.26  65.553807  65.369578 11.053
 83     7.968 55126.68167260 17.54  65.550747  65.372678 11.053
 83     8.597 55126.68167324 18.18  65.547693  65.375776 19.717
 84     3.067 55161.68164996 25.40  65.565815  65.364853  6.286
 84     3.051 55161.68165060 27.43  65.562765  65.367953  6.286
 84     3.149 55161.68165125 28.55  65.559705  65.371053  6.286
 84     3.081 55161.68165189 28.81  65.556655  65.374153  6.286
 84     2.906 55161.68165254 28.31  65.553598  65.377254  4.431
 85     3.543 55196.68166168 16.28  65.554016  65.362906  3.960
 85     4.642 55196.68166232 16.08  65.550966  65.366006  3.960
 85     5.536 55196.68166296 16.02  65.547906  65.369106  3.960
 85     6.832 55196.68166361 16.23  65.544856  65.372206  3.960
 86     3.672 55231.68165336 13.76  65.569713  65.365356  3.241
 86     5.683 55231.68165401 13.57  65.566663  65.368456  3.241
 86     6.091 55231.68165465 13.70  65.563613  65.371556  3.241
 86     6.655 55231.68165529 13.94  65.560563  65.374656  3.241
 86     7.972 55231.68165594 13.93  65.557507  65.377759  3.108
 87     3.597 55266.68165640 14.55  65.560378  65.363366  4.749
 87     5.515 55266.68165704 14.45  65.557328  65.366466  4.749
 87     6.465 55266.68165769 13.72  65.554278  65.369566  4.749
 87     6.844 55266.68165833 14.44  65.551218  65.372666  4.749
 87     7.311 55266.68165898 14.28  65.548166  65.375764  2.673
 88     7.155 55301.68163430 12.37  65.574162  65.364445  3.366
 88     5.386 55301.68163494 12.04  65.571112  65.367545  3.366
 88     5.979 55301.68163559 12.43  65.568062  65.370645  3.366
 88     5.801 55301.68163623 12.09  65.565012  65.373745  3.366
 88     6.718 55301.68163688 12.96  65.561952  65.376845  3.366
 88     4.283 55301.68163752 13.04  65.558900  65.379951  2.181
 89     7.410 55336.68163189 32.68  65.562094  65.365386 17.818
 89     7.538 55336.68163253 29.06  65.559034  65.368486 17.818
 89     7.681 55336.68163318 28.10  65.555984  65.371586 17.818
 89     8.177 55336.68163382 26.60  65.552924  65.374686 17.818
 90     6.678 55371.68162157 26.59  65.564250  65.364756 12.303
 90     7.257 55371.68162221 18.56  65.561190  65.367856 12.303
 90     7.226 55371.68162286 18.50  65.558140  65.370956 12.303
 90     8.108 55371.68162350 17.60  65.555090  65.374056 12.303
 90     8.925 55371.68162415 20.06  65.552034  65.377157 28.049
 91     6.852 55406.68164126 30.01  65.558150  65.363985 11.478
 91     6.585 55406.68164191 16.46  65.555100  65.367085 11.478
 91     6.959 55406.68164255 15.94  65.552040  65.370185 11.478
 91     7.836 55406.68164320 16.06  65.548990  65.373285 11.478
 92     5.141 55441.68164090 20.82  65.564660  65.365654 10.091
 92     5.269 55441.68164155 18.08  65.561600  65.368754 10.091
 92     4.705 55441.68164219 18.53  65.558550  65.371854 10.091
 92     8.306 55441.68164284 16.15  65.555500  65.374954 10.091
 92     8.635 55441.68164348 18.26  65.552443  65.378057 31.164
 93     6.727 55476.68158204 20.23  65.576939  65.363490 15.431
 93     6.230 55476.68158268 22.13  65.573889  65.366590 15.431
 93     6.212 55476.68158333 19.00  65.570839  65.369690 15.431
 93     6.116 55476.68158397 19.48  65.567789  65.372790 15.431
 93     5.665 55476.68158462 19.28  65.564739  65.375890 15.431
 93     8.085 55476.68158526 19.77  65.561685  65.378995 26.334
