# NaN NaN NaN ;Mean Elev.(m), Avg Gradient(m/km), RMS Gradient(m/km) - SRTM1     
#    4.017  -3.580  13.784 ;Mean Elev.(m), Avg Gradient(m/km), RMS Gradient(m/km) - ASTER GDEM
#   20.037  -2.569  13.020 ;Mean Elev.(m), Avg Gradient(m/km), RMS Gradient(m/km) - GMTED2010 
  8  67.472814  61.857806    22.381    22.451  4 52485.27438229 29.162
  9  67.472451  61.861289    20.181    20.117  4 52520.27434628 17.412
 10  67.479682  61.858058    76.376    76.650  3 52555.27439787  1.818
 11  67.473971  61.858624    16.229    16.225  4 52590.27438614 47.454
 12  67.474506  61.858642    19.386    19.337  3 52625.27431732 19.378
 13  67.477486  61.857177    16.995    16.893  3 52660.27435222 12.499
 14  67.487551  61.850288    17.637    17.514  4 52695.27433296 10.309
 15  67.480216  61.854895    21.234    21.305  4 52730.27436326 13.513
 17  67.488995  61.852147    77.627    77.627  2 52800.27436443  3.829
 18  67.485617  61.851101    21.240    21.265  4 52835.27443261 20.782
 19  67.481841  61.853362    15.956    15.980  4 52870.27447377 47.305
 20  67.475625  61.857751    18.176    18.354  4 52905.27447514 18.620
 22  67.480287  61.854312    13.742    13.703  3 52975.27445354 21.663
 23  67.472825  61.859104    15.977    15.904  4 53010.27445745 14.095
 24  67.482539  61.854195    17.749    17.365  4 53045.27442006 11.130
 25  67.471989  61.861369    17.886    17.643  5 53080.27445319 10.418
 26  67.479804  61.854591    21.462    21.598  3 53115.27442460  8.235
 27  67.476340  61.859185    45.867    41.462  3 53150.27447065 31.258
 28  67.483577  61.852390    20.803    20.777  3 53185.27446229 26.565
 29  67.476195  61.858881    18.470    18.388  4 53220.27448706 13.095
 30  67.467788  61.864263    18.418    18.416  5 53255.27446317 13.725
 31  67.481454  61.857676    19.058    19.058  2 53290.27447355 14.090
 32  67.478570  61.854642    18.579    18.597  3 53325.27444927 35.548
 34  67.481861  61.852984    16.916    16.963  4 53395.27442774 13.104
 35  67.473484  61.857797    15.736    15.684  4 53430.27441998 13.232
 36  67.485546  61.852228    18.964    19.689  3 53465.27444811  8.661
 37  67.470117  61.855548    21.124    21.124  2 53500.27450926 45.969
 38  67.479074  61.860988    75.994    75.994  2 53535.27449556  4.757
 39  67.472182  61.861220    20.094    20.018  4 53570.27450685 20.782
 40  67.471175  61.863490    18.261    18.478  3 53605.27445377 12.368
 41  67.481479  61.852946    19.560    19.356  3 53640.27445477 12.966
 42  67.473590  61.857367    19.343    19.283  4 53675.27447408 15.710
 43  67.474413  61.860451    16.195    16.294  4 53710.27440362 35.746
 45  67.479955  61.854152    14.674    14.432  4 53780.27434519 12.479
 46  67.470378  61.864490    18.334    19.429  5 53815.27431372  9.395
 48  67.483525  61.852353    76.740    76.648  4 53885.27439136  6.169
 50  67.469144  61.859882    19.621    19.065  4 53955.27445722 12.333
 51  67.472304  61.861721    18.633    18.437  4 53990.27437526 13.356
 52  67.484094  61.851973    17.126    16.872  3 54025.27444170 31.483
 53  67.482131  61.854591    20.005    20.079  3 54060.27443460 29.417
 55  67.485881  61.850456    19.475    19.451  4 54130.27435503  8.736
 56  67.474220  61.860948    17.659    17.662  4 54165.27438037  9.553
 58  67.480797  61.855102    76.109    76.016  3 54235.27439544  8.931
 59  67.476929  61.856499    75.956    76.074  3 54270.27441558  3.606
 60  67.479234  61.857154    23.560    23.610  3 54305.27441842 23.669
 61  67.475721  61.860618    21.290    21.217  3 54340.27440066 15.549
 62  67.480779  61.854255    19.738    19.675  3 54375.27435315 16.872
 64  67.485951  61.852037    17.058    16.971  4 54445.27431663 19.267
 65  67.478277  61.856263    17.654    17.802  3 54480.27433870 13.196
 67  67.473200  61.859478    20.844    20.978  5 54550.27435140  8.848
 69  67.477584  61.856236    31.615    31.615  2 54620.27434553 37.385
 70  67.476715  61.858614    23.845    23.845  2 54655.27435577 32.734
 71  67.475147  61.859583    18.779    18.551  4 54690.27434170 14.968
 72  67.484216  61.851534    20.232    20.439  3 54725.27430697 18.414
 73  67.475867  61.857997    17.611    18.042  3 54760.27431872 21.360
 75  67.477694  61.856816    18.879    18.849  4 54830.27431854 17.099
 76  67.484615  61.852896    16.404    16.383  4 54865.27429501 11.769
 77  67.472953  61.859053    14.536    13.852  4 54900.27431766 11.250
 78  67.481076  61.854130    14.431    14.356  4 54935.27428667 11.294
 79  67.479016  61.856031    76.016    76.118  3 54970.27431930  3.784
 82  67.472941  61.858737    18.306    18.342  4 55075.27430886 43.878
 83  67.481849  61.853160    19.288    19.149  3 55110.27425980 14.052
 84  67.474659  61.857823    14.301    14.274  4 55145.27426214 38.604
 85  67.485692  61.850942    17.613    17.430  3 55180.27423622 16.702
 86  67.476368  61.858678    17.346    17.286  4 55215.27425645 10.207
 87  67.483618  61.852944    18.110    18.145  3 55250.27423323  8.662
 88  67.472950  61.859946    17.703    17.593  4 55285.27424998  7.279
 89  67.472922  61.853990    17.867    17.867  2 55320.27422371 27.516
 90  67.476474  61.858901    21.334    21.489  3 55355.27422383 19.731
 91  67.481301  61.853904    21.291    21.325  4 55390.27422442 15.827
 92  67.477326  61.855980    19.130    19.166  3 55425.27424119 14.295
 93  67.474342  61.860621    17.654    17.599  4 55460.27420934 44.301
