# NaN NaN NaN ;Mean Elev.(m), Avg Gradient(m/km), RMS Gradient(m/km) - SRTM1     
#    6.201  -7.739  23.249 ;Mean Elev.(m), Avg Gradient(m/km), RMS Gradient(m/km) - ASTER GDEM
#    9.339  -7.163  24.345 ;Mean Elev.(m), Avg Gradient(m/km), RMS Gradient(m/km) - GMTED2010 
  6  65.847823  62.532560   143.706   143.706  2 52437.28024034  1.835
  8  65.848771  62.531475   143.449   143.449  2 52507.28021638  3.386
 10  65.851183  62.530653   148.735   148.735  2 52577.28024912  0.683
 12  65.844371  62.513018    16.181    16.201  3 52647.28020086 13.502
 13  65.845340  62.517686    15.006    15.050  7 52682.28017090 15.373
 14  65.845047  62.518336    13.188    13.318  7 52717.28022956 13.496
 18  65.855044  62.521241    16.528    16.557  3 52857.28031844 15.774
 21  65.855619  62.511139    18.267    17.892  7 52962.28027468 21.955
 22  65.840591  62.517735    13.687    13.589  5 52997.28031570 17.971
 24  65.852998  62.522944    13.791    13.570  3 53067.28028316 13.219
 29  65.850509  62.531339    16.701    16.701  2 53242.28031395 11.471
 31  65.844760  62.520699    24.793    25.662  7 53312.28032465 30.978
 32  65.843330  62.521070    17.445    17.613  7 53347.28029045 20.203
 33  65.854870  62.515195    16.089    16.121  7 53382.28025442 13.966
 34  65.848165  62.516641    14.655    14.631  7 53417.28026981 17.274
 36  65.842919  62.524244    15.097    15.367  7 53487.28035399 25.662
 42  65.841559  62.523548    15.264    15.157  6 53697.28028851 41.705
 43  65.841419  62.526608    15.829    15.909  6 53732.28021054 17.753
 45  65.836933  62.516572    12.974    13.036  3 53802.28018805 10.993
 47  65.849402  62.521802   147.555   147.301  5 53872.28025070  0.540
 54  65.830099  62.520094    15.648    15.648  2 54117.28021403 12.651
 56  65.834500  62.522301    15.073    14.976  4 54187.28020691 12.472
 63  65.839529  62.522974    14.596    14.605  4 54432.28016410 22.949
 64  65.849428  62.515064    15.384    15.495  7 54467.28018705 14.068
 65  65.841029  62.522298    14.492    14.542  5 54502.28017900 12.773
 66  65.839657  62.513082    16.421    16.421  2 54537.28020314 11.069
 68  65.852263  62.528439   145.841   145.841  2 54607.28019332  0.260
 74  65.844845  62.514667    17.116    16.921  5 54817.28016825 23.159
 75  65.842728  62.523015    16.885    16.586  6 54852.28014332 15.513
 76  65.845125  62.520877    14.453    14.492  7 54887.28017164 13.327
 84  65.838902  62.517773    14.688    14.683  4 55167.28008519 21.120
 85  65.849874  62.523367    13.406    13.273  4 55202.28010903 11.048
 87  65.843378  62.520361    13.655    13.849  7 55272.28010400  9.409
 90  65.844819  62.525803    17.952    17.985  5 55377.28006638 24.117
