# NaN NaN NaN ;Mean Elev.(m), Avg Gradient(m/km), RMS Gradient(m/km) - SRTM1     
#   -5.671   1.661   7.941 ;Mean Elev.(m), Avg Gradient(m/km), RMS Gradient(m/km) - ASTER GDEM
#    2.000   0.230   7.840 ;Mean Elev.(m), Avg Gradient(m/km), RMS Gradient(m/km) - GMTED2010 
  7    11.518 52459.28575903 43.05  65.599750  64.714150 15.287
  7    11.555 52459.28575968 40.22  65.596830  64.711040 15.287
  7    11.544 52459.28576032 36.46  65.593920  64.707930 15.287
  7    11.599 52459.28576096 34.96  65.591000  64.704820 15.287
  7    11.396 52459.28576161 33.90  65.588080  64.701710 15.287
  7    11.280 52459.28576225 33.03  65.585170  64.698590 15.287
 11     6.830 52599.28577608 31.47  65.604329  64.733162 10.628
 11     6.709 52599.28577672 31.94  65.601409  64.730052 10.628
 11     6.873 52599.28577737 33.85  65.598489  64.726942 10.628
 11     6.936 52599.28577801 34.75  65.595569  64.723832 10.628
 11     7.102 52599.28577865 28.92  65.592649  64.720722 10.628
 12     6.782 52634.28573358 14.87  65.598866  64.707873  4.271
 12     7.053 52634.28573422 14.12  65.595956  64.704763  4.271
 12     7.011 52634.28573486 14.33  65.593036  64.701653  4.271
 12     6.615 52634.28573551 15.41  65.590116  64.698543  4.271
 12     6.597 52634.28573615 16.28  65.587196  64.695423  4.271
 12     6.634 52634.28573680 17.55  65.584286  64.692313  4.271
 13     5.840 52669.28574331 11.13  65.601347  64.720849  2.834
 13     6.811 52669.28574395 11.17  65.598427  64.717739  2.834
 13     7.262 52669.28574460 10.91  65.595507  64.714629  2.834
 13     7.549 52669.28574524 10.91  65.592597  64.711519  2.834
 13     7.809 52669.28574589 11.21  65.589677  64.708409  2.834
 13     8.026 52669.28574653 12.31  65.586757  64.705299  2.834
 14     8.609 52704.28573099  9.83  65.600030  64.702021  2.693
 14     8.654 52704.28573164 10.37  65.597110  64.698911  2.693
 14     8.213 52704.28573228 10.31  65.594190  64.695801  2.693
 14     8.221 52704.28573292 10.62  65.591280  64.692681  2.693
 14     5.325 52704.28573357 11.38  65.588360  64.689571  2.693
 15    31.788 52739.28576389  6.74  65.602159  64.725154  2.729
 15    32.434 52739.28576453  5.87  65.599239  64.722034  2.729
 15    32.211 52739.28576517  5.66  65.596319  64.718924  2.729
 15    31.648 52739.28576582  6.06  65.593399  64.715814  2.729
 15    30.937 52739.28576646  6.25  65.590479  64.712704  2.729
 16     8.664 52774.28571289 42.62  65.603765  64.729446 17.523
 16     9.059 52774.28571353 36.65  65.600845  64.726336 17.523
 16     8.862 52774.28571418 33.71  65.597925  64.723226 17.523
 16     9.276 52774.28571482 32.37  65.595005  64.720116 17.523
 16     9.574 52774.28571547 32.75  65.592095  64.717006 17.523
 17    10.198 52809.28578968 23.71  65.597606  64.705207 11.062
 17    10.365 52809.28579032 24.09  65.594696  64.702097 11.062
 17    10.509 52809.28579097 26.31  65.591776  64.698987 11.062
 17    10.401 52809.28579161 26.36  65.588856  64.695877 11.062
 17    10.341 52809.28579226 25.64  65.585936  64.692757 11.062
 17    10.129 52809.28579290 24.36  65.583026  64.689647 11.062
 18    10.387 52844.28584647 27.37  65.598937  64.705129 16.393
 18    10.195 52844.28584711 22.90  65.596027  64.702019 16.393
 18    10.244 52844.28584776 23.75  65.593107  64.698899 16.393
 19     6.984 52879.28588263 19.19  65.599360  64.714979  9.774
 19     7.620 52879.28588327 17.57  65.596440  64.711869  9.774
 19     9.348 52879.28588392 17.89  65.593520  64.708759  9.774
 19     7.284 52879.28588456 21.30  65.590600  64.705649  9.774
 19     6.780 52879.28588521 21.87  65.587680  64.702539  9.774
 19     6.682 52879.28588585 22.48  65.584770  64.699419  9.774
 20     9.005 52914.28583896 17.65  65.601157  64.723326 10.215
 20     8.865 52914.28583961 15.48  65.598237  64.720216 10.215
 20     8.664 52914.28584025 15.48  65.595317  64.717106 10.215
 20     7.871 52914.28584089 18.43  65.592407  64.713996 10.215
 22     4.687 52984.28582928 13.77  65.598865  64.705990  5.481
 22     4.458 52984.28582993 14.00  65.595955  64.702880  5.481
 22     4.229 52984.28583057 14.93  65.593035  64.699770  5.481
 22     4.138 52984.28583122 15.98  65.590115  64.696660  5.481
 22     4.016 52984.28583186 17.36  65.587205  64.693550  5.481
 22     4.050 52984.28583251 17.62  65.584285  64.690440  5.481
 23     5.976 53019.28581758  6.77  65.601403  64.724575  3.840
 23     6.366 53019.28581822  7.66  65.598483  64.721465  3.840
 23     7.169 53019.28581887  7.53  65.595563  64.718355  3.840
 23     7.914 53019.28581951  7.31  65.592643  64.715245  3.840
 24     7.701 53054.28580655 10.73  65.598523  64.700409  2.258
 24     5.320 53054.28580719 11.22  65.595603  64.697299  2.258
 24     4.961 53054.28580784 11.29  65.592693  64.694189  2.258
 24     4.559 53054.28580848 11.95  65.589773  64.691079  2.258
 24     4.559 53054.28580913 12.33  65.586863  64.687969  2.258
 25    32.170 53089.28583711  7.92  65.601319  64.737689  2.948
 25    29.669 53089.28583775  7.93  65.598399  64.734579  2.948
 25    28.897 53089.28583840  7.41  65.595479  64.731469  2.948
 25    28.944 53089.28583904  6.83  65.592559  64.728359  2.948
 25    28.004 53089.28583969  6.86  65.589639  64.725249  2.948
 26    35.896 53124.28581301  7.49  65.599284  64.705778  2.789
 26    35.521 53124.28581365  7.73  65.596364  64.702668  2.789
 26    33.167 53124.28581430  8.00  65.593454  64.699558  2.789
 26    32.417 53124.28581494  8.72  65.590534  64.696448  2.789
 26    32.285 53124.28581559  8.71  65.587614  64.693338  2.789
 26     9.989 53124.28581623  9.42  65.584704  64.690228  2.789
 27    10.135 53159.28586943 20.56  65.601106  64.720837 17.045
 27     9.951 53159.28587008 22.09  65.598186  64.717727 17.045
 27    10.129 53159.28587072 23.15  65.595266  64.714617 17.045
 27    10.425 53159.28587137 25.59  65.592346  64.711507 17.045
 27    10.338 53159.28587201 26.72  65.589436  64.708397 17.045
 28    10.049 53194.28586647 19.29  65.597913  64.711499  7.302
 28     9.846 53194.28586712 19.37  65.594993  64.708389  7.302
 28     9.755 53194.28586776 21.20  65.592073  64.705279  7.302
 28    10.456 53194.28586841 22.33  65.589153  64.702169  7.302
 28    10.260 53194.28586905 24.15  65.586243  64.699059  7.302
 28     9.747 53194.28586970 24.12  65.583323  64.695939  7.302
 29     6.461 53229.28585788 27.60  65.599118  64.714106 20.363
 29     6.749 53229.28585852 21.40  65.596198  64.710996 20.363
 29     7.222 53229.28585917 21.42  65.593278  64.707886 20.363
 29     7.095 53229.28585981 21.82  65.590358  64.704776 20.363
 29     6.823 53229.28586046 20.30  65.587448  64.701666 20.363
 29     6.905 53229.28586110 21.27  65.584528  64.698556 20.363
 30     5.102 53264.28582495 25.95  65.603823  64.738871  8.420
 30     4.990 53264.28582559 26.56  65.600903  64.735761  8.420
 30     4.826 53264.28582624 24.60  65.597983  64.732651  8.420
 30     8.288 53264.28582688 20.11  65.595063  64.729541  8.420
 30     9.049 53264.28582753 17.23  65.592143  64.726431  8.420
 30     8.929 53264.28582817 17.51  65.589223  64.723321  8.420
 31     5.067 53299.28587210 18.98  65.603220  64.722963  4.023
 31     5.360 53299.28587275 18.50  65.600297  64.719855 14.309
 31     5.483 53299.28587339 19.96  65.597377  64.716745 14.309
 31     6.187 53299.28587404 19.79  65.594457  64.713635 14.309
 31     5.084 53299.28587468 24.35  65.591537  64.710525 14.309
 31     4.991 53299.28587533 24.98  65.588617  64.707415 14.309
 31     4.895 53299.28587597 32.63  65.585697  64.704305 14.309
 33     5.686 53369.28578213 13.20  65.602615  64.731950  3.923
 33     5.830 53369.28578278 14.41  65.599695  64.728840  3.923
 33     5.706 53369.28578342 14.65  65.596785  64.725730  3.923
 33     5.708 53369.28578407 15.59  65.593865  64.722620  3.923
 33     5.732 53369.28578471 15.11  65.590940  64.719513  4.857
 34     5.291 53404.28581826 11.07  65.598032  64.707649  3.392
 34     4.814 53404.28581891 11.72  65.595122  64.704539  3.392
 34     4.979 53404.28581955 12.30  65.592202  64.701429  3.392
 34     4.473 53404.28582020 13.37  65.589282  64.698319  3.392
 34     4.610 53404.28582084 13.36  65.586372  64.695209  3.392
 34     4.460 53404.28582149 14.10  65.583452  64.692099  3.392
 35     4.162 53439.28580210  9.28  65.601906  64.729674  4.645
 35     4.370 53439.28580274  9.51  65.598986  64.726564  4.645
 35     4.517 53439.28580339 10.05  65.596066  64.723454  4.645
 35     4.387 53439.28580403 10.44  65.593151  64.720348  3.173
 36    29.583 53474.28586522  8.40  65.598895  64.713602  3.143
 36     9.409 53474.28586587  8.16  65.595975  64.710492  3.143
 36     8.849 53474.28586651  8.91  65.593055  64.707382  3.143
 36     9.395 53474.28586716  9.07  65.590135  64.704272  3.143
 36     7.079 53474.28586780  9.72  65.587225  64.701162  3.143
 36     4.782 53474.28586844 10.11  65.584305  64.698052  3.143
 37    10.402 53509.28588391 24.78  65.602430  64.719407 24.191
 37    10.480 53509.28588455 25.26  65.599510  64.716297 24.191
 37    10.545 53509.28588520 23.87  65.596590  64.713187 24.191
 37    10.599 53509.28588584 25.60  65.593670  64.710077 24.191
 37    10.842 53509.28588649 25.28  65.590760  64.706967 24.191
 37    11.073 53509.28588713 33.64  65.587840  64.703857 24.191
 37    10.933 53509.28588778 43.12  65.584920  64.700747 24.191
 38     9.727 53544.28589650 16.94  65.602965  64.727099  5.045
 38     9.702 53544.28589715 18.83  65.600045  64.723989  5.045
 38    10.187 53544.28589779 18.64  65.597123  64.720876 17.858
 38    10.451 53544.28589844 20.87  65.594203  64.717766 17.858
 38    10.409 53544.28589908 24.36  65.591283  64.714656 17.858
 40     5.193 53614.28582832 51.49  65.603344  64.737186 17.146
 40     5.104 53614.28582897 52.56  65.600424  64.734076 17.146
 40     5.085 53614.28582961 52.49  65.597504  64.730966 17.146
 40     5.086 53614.28583026 52.57  65.594584  64.727856 17.146
 40     5.144 53614.28583090 52.37  65.591664  64.724746 17.146
 41     5.029 53649.28584104 30.48  65.599248  64.705792 19.729
 41     4.906 53649.28584168 27.45  65.596328  64.702682 19.729
 41     5.171 53649.28584233 25.54  65.593408  64.699572 19.729
 41     5.115 53649.28584297 27.24  65.590498  64.696462 19.729
 41     5.312 53649.28584362 27.51  65.587578  64.693352 19.729
 41     5.380 53649.28584426 30.14  65.584668  64.690232 19.729
 42     4.468 53684.28585042 51.07  65.603721  64.728921 20.584
 42     4.502 53684.28585106 50.15  65.600801  64.725811 20.584
 42     4.394 53684.28585171 45.99  65.597881  64.722701 20.584
 42     4.314 53684.28585235 38.12  65.594965  64.719589 29.738
 42     4.521 53684.28585300 47.74  65.592045  64.716479 29.738
 43     3.858 53719.28577714 23.28  65.603515  64.728976 10.869
 43     3.939 53719.28577778 25.66  65.600595  64.725866 10.869
 43     4.261 53719.28577843 25.89  65.597675  64.722756 10.869
 43     4.388 53719.28577907 26.55  65.594762  64.719650  7.094
 43     4.542 53719.28577972 25.24  65.591842  64.716530  7.094
 45     4.439 53789.28573229 11.45  65.600082  64.715649  2.944
 45     4.348 53789.28573294 11.46  65.597162  64.712539  2.944
 45     4.962 53789.28573358 11.36  65.594242  64.709429  2.944
 45     4.164 53789.28573423 11.79  65.591322  64.706319  2.944
 45     4.200 53789.28573487 11.88  65.588412  64.703209  2.944
 45     3.765 53789.28573552 12.23  65.585492  64.700099  2.944
 47     3.960 53859.28578128  9.34  65.599387  64.713999  4.186
 47     3.998 53859.28578192 10.14  65.596467  64.710889  4.186
 47     8.868 53859.28578257  8.16  65.593557  64.707779  4.186
 47     9.354 53859.28578321  6.29  65.590637  64.704669  4.186
 47     8.816 53859.28578385  6.66  65.587717  64.701559  4.186
 47     9.216 53859.28578450  5.95  65.584797  64.698449  4.186
 48    10.350 53894.28579908 20.46  65.598435  64.707397 13.828
 48    10.281 53894.28579973 22.55  65.595515  64.704287 13.828
 48    10.361 53894.28580037 22.53  65.592595  64.701177 13.828
 48    10.506 53894.28580102 22.43  65.589685  64.698067 13.828
 48    10.213 53894.28580166 21.69  65.586765  64.694957 13.828
 48    10.135 53894.28580231 20.28  65.583855  64.691837 13.828
 49     9.699 53929.28584999 48.66  65.604127  64.731997 13.176
 49     9.697 53929.28585064 48.91  65.601207  64.728887 13.176
 49     9.693 53929.28585128 50.48  65.598287  64.725777 13.176
 49     9.526 53929.28585192 51.77  65.595367  64.722667 13.176
 49     9.559 53929.28585257 51.24  65.592442  64.719554 30.631
 50     7.584 53964.28582972 54.71  65.603442  64.734065 16.145
 50     7.425 53964.28583037 50.60  65.600522  64.730955 16.145
 50     7.389 53964.28583101 50.95  65.597602  64.727845 16.145
 50     7.310 53964.28583166 53.23  65.594682  64.724735 16.145
 50     7.443 53964.28583230 51.93  65.591762  64.721625 16.145
 54     7.855 54104.28577892  8.43  65.602374  64.734089  3.926
 54     8.076 54104.28577957  8.15  65.599454  64.730979  3.926
 54     8.085 54104.28578021  8.74  65.596534  64.727869  3.926
 54     8.214 54104.28578086  8.92  65.593624  64.724759  3.926
 54     8.423 54104.28578150  9.15  65.590704  64.721649  3.926
 55     9.187 54139.28575828  9.64  65.597727  64.707357  3.563
 55     9.299 54139.28575892 10.06  65.594807  64.704247  3.563
 55     8.529 54139.28575957 11.72  65.591887  64.701137  3.563
 55     5.833 54139.28576021 11.87  65.588967  64.698027  3.563
 55     7.878 54139.28576086 12.20  65.586057  64.694917  3.563
 55     6.313 54139.28576150 12.42  65.583137  64.691807  3.563
 56    31.067 54174.28575870  9.30  65.603826  64.729754  3.151
 56    30.765 54174.28575934  9.46  65.600906  64.726644  3.151
 56    30.448 54174.28575999  8.83  65.597986  64.723534  3.151
 56    29.682 54174.28576063  9.31  65.595066  64.720424  3.151
 56    28.093 54174.28576128  9.79  65.592146  64.717314  3.151
 57     4.635 54209.28576457 25.73  65.596683  64.707507 17.010
 57     5.017 54209.28576522 21.85  65.593763  64.704397 17.010
 57     4.524 54209.28576586 20.71  65.590853  64.701287 17.010
 57     4.457 54209.28576651 18.84  65.587933  64.698177 17.010
 57     4.477 54209.28576715 17.77  65.585013  64.695067 17.010
 58    34.183 54244.28579417 21.38  65.599115  64.714497 13.287
 58    10.491 54244.28579482 24.32  65.596200  64.711381 19.626
 58    10.482 54244.28579546 25.08  65.593280  64.708271 19.626
 58    10.582 54244.28579611 25.35  65.590360  64.705161 19.626
 58    10.782 54244.28579675 27.11  65.587450  64.702051 19.626
 58    10.673 54244.28579740 31.75  65.584530  64.698941 19.626
 59    11.081 54279.28580636 23.54  65.599351  64.714808  5.258
 59    11.068 54279.28580701 24.53  65.596436  64.711694 17.552
 59    10.974 54279.28580765 27.34  65.593516  64.708584 17.552
 59    11.274 54279.28580830 27.50  65.590596  64.705474 17.552
 59    11.068 54279.28580894 28.98  65.587686  64.702364 17.552
 59    11.148 54279.28580959 28.69  65.584766  64.699254 17.552
 60    11.129 54314.28580535 32.82  65.601570  64.719093  5.528
 60    11.247 54314.28580600 26.82  65.598650  64.715983  5.528
 60    11.055 54314.28580664 26.80  65.595730  64.712878 22.316
 60    10.964 54314.28580729 28.02  65.592820  64.709758 22.316
 60    11.094 54314.28580793 27.54  65.589900  64.706648 22.316
 60    11.163 54314.28580858 30.12  65.586980  64.703538 22.316
 61     9.837 54349.28577328 17.94  65.601975  64.729027  5.799
 61     9.976 54349.28577392 18.76  65.599055  64.725917  5.799
 61    10.288 54349.28577457 19.86  65.596135  64.722807  5.799
 61    10.321 54349.28577521 20.56  65.593215  64.719697  5.799
 62     9.306 54384.28574533 19.37  65.599435  64.709209 12.798
 62     9.290 54384.28574598 18.31  65.596515  64.706099 12.798
 62     8.874 54384.28574662 18.96  65.593605  64.702989 12.798
 62     8.167 54384.28574727 20.55  65.590685  64.699879 12.798
 62     8.209 54384.28574791 20.84  65.587765  64.696769 12.798
 62     7.638 54384.28574856 21.81  65.584855  64.693659 12.798
 62     7.939 54384.28574920 22.58  65.581935  64.690549 12.798
 63     4.956 54419.28572329 36.09  65.602063  64.727315 17.209
 63     5.035 54419.28572393 33.44  65.599143  64.724205 17.209
 63     5.032 54419.28572458 36.30  65.596223  64.721095 17.209
 63     4.956 54419.28572522 36.47  65.593307  64.717989 15.214
 64     5.026 54454.28571745 16.64  65.600150  64.703212  4.332
 64     5.230 54454.28571810 17.69  65.597230  64.700102  4.332
 64     5.107 54454.28571874 17.95  65.594320  64.696992  4.332
 64     4.929 54454.28571939 18.75  65.591400  64.693882  4.332
 64     4.799 54454.28572003 19.66  65.588480  64.690772  4.332
 64     4.752 54454.28572068 21.25  65.585570  64.687662  4.332
 65     7.075 54489.28572406 11.05  65.600506  64.719622  3.653
 65     7.676 54489.28572471 10.78  65.597586  64.716502  3.653
 65     8.408 54489.28572535 10.61  65.594666  64.713392  3.653
 65     8.848 54489.28572600 10.76  65.591746  64.710282  3.653
 65     8.710 54489.28572664 11.18  65.588836  64.707172  3.653
 65     8.317 54489.28572729 11.54  65.585916  64.704062  3.653
 66     8.933 54524.28572936 11.78  65.600175  64.709488  3.138
 66     8.651 54524.28573001 11.83  65.597265  64.706378  3.138
 66     8.301 54524.28573065 12.51  65.594345  64.703258  3.138
 66     8.267 54524.28573130 12.64  65.591425  64.700148  3.138
 66     8.416 54524.28573194 13.10  65.588515  64.697038  3.138
 66     7.929 54524.28573259 13.84  65.585595  64.693928  3.138
 66     8.095 54524.28573323 14.39  65.582685  64.690818  3.138
 67    30.163 54559.28573200  4.59  65.601399  64.726533  3.560
 67    29.656 54559.28573265  4.09  65.598479  64.723423  3.560
 67    29.541 54559.28573329  2.71  65.595559  64.720313  3.560
 67    28.575 54559.28573394  3.03  65.592649  64.717203  3.560
 68     6.684 54594.28572393 19.15  65.599944  64.716372  7.988
 68     6.558 54594.28572458 21.16  65.597024  64.713262  7.988
 68     6.717 54594.28572522 20.64  65.594104  64.710152  7.988
 68     6.389 54594.28572587 23.38  65.591184  64.707042  7.988
 68     6.320 54594.28572651 27.27  65.588264  64.703932  7.988
 68     6.508 54594.28572716 29.30  65.585354  64.700822  7.988
 69    10.107 54629.28573783 19.17  65.601598  64.720189 14.985
 69    10.258 54629.28573847 20.06  65.598688  64.717079 14.985
 69    10.152 54629.28573912 22.17  65.595768  64.713969 14.985
 69    10.270 54629.28573976 25.07  65.592848  64.710859 14.985
 69    10.317 54629.28574040 24.23  65.589928  64.707749 14.985
 69    10.481 54629.28574105 26.32  65.587008  64.704639 14.985
 70     9.748 54664.28574492 17.66  65.601468  64.719358 11.168
 70     9.869 54664.28574556 18.84  65.598548  64.716248 11.168
 70     9.856 54664.28574621 19.78  65.595628  64.713138 11.168
 70     9.752 54664.28574685 20.74  65.592708  64.710028 11.168
 70     9.889 54664.28574750 22.57  65.589788  64.706918 11.168
 70     9.895 54664.28574814 23.81  65.586868  64.703808 11.168
 71     6.805 54699.28571496 46.81  65.603166  64.728974 10.928
 71     7.124 54699.28571561 45.93  65.600246  64.725864 10.928
 71     7.097 54699.28571625 44.41  65.597327  64.722757 16.637
 71     7.232 54699.28571690 44.04  65.594407  64.719637 16.637
 71     6.068 54699.28571754 42.75  65.591497  64.716527 16.637
 72     6.145 54734.28570525 17.85  65.599854  64.707197 10.619
 72     6.274 54734.28570589 19.20  65.596944  64.704087 10.619
 72     6.432 54734.28570653 19.81  65.594024  64.700977 10.619
 72     6.185 54734.28570718 21.26  65.591104  64.697867 10.619
 72     6.301 54734.28570782 23.76  65.588194  64.694747 10.619
 72     6.411 54734.28570847 25.05  65.585274  64.691637 10.619
 73     5.543 54769.28569689 49.30  65.601064  64.719936 16.488
 73     6.061 54769.28569753 47.75  65.598144  64.716826 16.488
 73     5.669 54769.28569818 47.19  65.595224  64.713716 16.488
 73     5.554 54769.28569882 42.90  65.592304  64.710606 16.488
 73     5.757 54769.28569947 39.82  65.589394  64.707496 16.488
 73     5.547 54769.28570011 43.65  65.586474  64.704386 16.488
 74     5.824 54804.28569883 17.33  65.600115  64.709325  5.833
 74     5.943 54804.28569947 17.63  65.597195  64.706215  5.833
 74     6.128 54804.28570012 18.70  65.594275  64.703105  5.833
 74     6.002 54804.28570076 19.43  65.591355  64.699995  5.833
 74     5.899 54804.28570141 20.70  65.588435  64.696875  5.833
 74     5.806 54804.28570205 21.86  65.585525  64.693765  5.833
 74     5.764 54804.28570270 21.96  65.582605  64.690655  5.833
 75     6.898 54839.28569142 11.18  65.600287  64.716748  2.731
 75     7.187 54839.28569207 11.07  65.597367  64.713638  2.731
 75     7.324 54839.28569271 11.28  65.594457  64.710528  2.731
 75     7.452 54839.28569336 11.38  65.591537  64.707418  2.731
 75     7.424 54839.28569400 11.97  65.588617  64.704308  2.731
 75     7.344 54839.28569464 12.18  65.585697  64.701198  2.731
 76     6.272 54874.28569844  9.78  65.599922  64.711760  3.428
 76     6.604 54874.28569908  9.85  65.597012  64.708650  3.428
 76     6.860 54874.28569973 10.20  65.594092  64.705530  3.428
 76     6.386 54874.28570037 10.69  65.591172  64.702420  3.428
 76     6.430 54874.28570102 11.06  65.588262  64.699310  3.428
 76     5.852 54874.28570166 11.38  65.585342  64.696200  3.428
 77    30.884 54909.28569474 11.19  65.604183  64.734047  3.735
 77    29.918 54909.28569539 11.05  65.601263  64.730937  3.735
 77    27.630 54909.28569603 11.58  65.598336  64.727824  2.843
 77    29.110 54909.28569668 10.60  65.595416  64.724714  2.843
 77    10.262 54909.28569732 10.51  65.592496  64.721604  2.843
 78    33.628 54944.28569142  9.41  65.598754  64.709553  3.117
 78    32.057 54944.28569207  9.77  65.595844  64.706443  3.117
 78    31.479 54944.28569271 10.61  65.592924  64.703323  3.117
 78    31.556 54944.28569336 10.95  65.590004  64.700213  3.117
 78     9.591 54944.28569400 11.09  65.587084  64.697103  3.117
 78     9.336 54944.28569465 11.47  65.584174  64.693993  3.117
 79    10.001 54979.28571624 24.71  65.602017  64.720843 14.583
 79    33.989 54979.28571689 23.69  65.599097  64.717733 14.583
 79    10.426 54979.28571753 23.04  65.596177  64.714623 14.583
 79    10.403 54979.28571817 26.75  65.593257  64.711513 14.583
 79    10.311 54979.28571882 27.08  65.590337  64.708403 14.583
 79    10.415 54979.28571946 27.06  65.587427  64.705293 14.583
 80    10.153 55014.28572085 16.74  65.601941  64.720357 11.634
 80    10.175 55014.28572150 17.32  65.599021  64.717247 11.634
 80    10.294 55014.28572214 20.76  65.596101  64.714137 11.634
 80    10.351 55014.28572279 20.81  65.593191  64.711027 11.634
 80    10.227 55014.28572343 21.30  65.590271  64.707917 11.634
 80    10.213 55014.28572408 22.88  65.587351  64.704807 11.634
 81     8.396 55049.28571480 16.31  65.601334  64.717320 12.846
 81     8.838 55049.28571544 15.00  65.598414  64.714210 12.846
 81    10.254 55049.28571609 14.27  65.595504  64.711100 12.846
 81     9.191 55049.28571673 16.54  65.592584  64.707990 12.846
 81     8.663 55049.28571738 15.70  65.589664  64.704880 12.846
 81     8.204 55049.28571802 15.76  65.586744  64.701770 12.846
 82    13.251 55084.28568033 13.63  65.602093  64.732554  6.310
 82    13.239 55084.28568098 13.52  65.599173  64.729444  6.310
 82     8.755 55084.28568162 13.48  65.596253  64.726334  6.310
 82     8.264 55084.28568227 16.01  65.593330  64.723227 16.573
 82     8.600 55084.28568291 15.39  65.590410  64.720107 16.573
 83     6.286 55119.28564875 20.07  65.600133  64.707129  8.616
 83     5.852 55119.28564939 21.82  65.597223  64.704019  8.616
 83     5.559 55119.28565004 25.08  65.594303  64.700899  8.616
 83     5.677 55119.28565068 24.24  65.591383  64.697799  8.616
 83     5.573 55119.28565133 25.06  65.588463  64.694679  8.616
 83     5.405 55119.28565197 26.64  65.585553  64.691569  8.616
 84     4.159 55154.28564071 39.47  65.603436  64.726621 14.873
 84     4.314 55154.28564135 43.88  65.600516  64.723511 14.873
 84     4.060 55154.28564200 30.10  65.597596  64.720401 14.873
 84     4.057 55154.28564264 29.44  65.594676  64.717291 14.873
 84     4.024 55154.28564329 28.80  65.591756  64.714181 14.873
 85     5.137 55189.28563763 13.73  65.599952  64.708584  5.236
 85     5.370 55189.28563828 13.61  65.597032  64.705474  5.236
 85     5.013 55189.28563892 14.66  65.594112  64.702364  5.236
 85     5.164 55189.28563957 14.85  65.591192  64.699244  5.236
 85     5.124 55189.28564021 15.45  65.588272  64.696134  5.236
 85     4.935 55189.28564086 16.07  65.585362  64.693024  5.236
 85     4.981 55189.28564150 16.91  65.582442  64.689914  5.236
 87     5.733 55259.28563262 10.59  65.600503  64.714226  3.692
 87     6.264 55259.28563327 10.87  65.597583  64.711116  3.692
 87     6.951 55259.28563391 11.06  65.594673  64.708006  3.692
 87     4.129 55259.28563456 11.37  65.591753  64.704896  3.692
 87     5.946 55259.28563520 11.95  65.588833  64.701786  3.692
 87     4.005 55259.28563585 12.33  65.585913  64.698666  3.692
 88    29.161 55294.28562616 10.72  65.602640  64.729912  3.238
 88     9.325 55294.28562680 10.55  65.599720  64.726802  3.238
 88    29.356 55294.28562745  9.89  65.596805  64.723695  2.768
 88     9.944 55294.28562809 10.28  65.593885  64.720575  2.768
 88     9.292 55294.28562874 11.29  65.590965  64.717465  2.768
 89     9.774 55329.28561345 49.32  65.602146  64.720791 28.600
 89    10.000 55329.28561409 46.12  65.599226  64.717681 28.600
 89     9.855 55329.28561474 47.68  65.596316  64.714571 28.600
 89     9.922 55329.28561538 49.68  65.593396  64.711461 28.600
 89     9.961 55329.28561603 48.37  65.590476  64.708351 28.600
 89    10.029 55329.28561667 48.73  65.587556  64.705241 28.600
 90     9.912 55364.28560755 50.06  65.601544  64.724123 37.166
 90     9.848 55364.28560819 50.76  65.598624  64.721013 37.166
 90     9.869 55364.28560884 46.89  65.595704  64.717903 37.166
 90     9.883 55364.28560948 48.91  65.592784  64.714793 37.166
 90     9.774 55364.28561013 47.70  65.589864  64.711683 37.166
 91     9.517 55399.28562085 15.35  65.598974  64.707381  9.389
 91     9.253 55399.28562149 17.25  65.596064  64.704271  9.389
 91     9.086 55399.28562214 16.52  65.593144  64.701151  9.389
 91     9.355 55399.28562278 15.59  65.590224  64.698041  9.389
 91     9.270 55399.28562343 17.92  65.587304  64.694931  9.389
 91     9.293 55399.28562407 17.54  65.584394  64.691821  9.389
 92     7.983 55434.28562511 15.72  65.599902  64.716484 11.567
 92     7.990 55434.28562575 18.66  65.596982  64.713374 11.567
 92     7.751 55434.28562640 23.03  65.594062  64.710264 11.567
 92     7.825 55434.28562704 22.76  65.591152  64.707154 11.567
 92     7.650 55434.28562769 25.92  65.588232  64.704044 11.567
 92     7.810 55434.28562833 25.67  65.585312  64.700934 11.567
 93     8.423 55469.28557756 23.85  65.601887  64.732938  7.468
 93     8.703 55469.28557820 20.21  65.598967  64.729828  7.468
 93     8.753 55469.28557885 17.44  65.596047  64.726718  7.468
 93     8.762 55469.28557949 17.81  65.593128  64.723611 12.065
 93     8.628 55469.28558014 15.47  65.590208  64.720491 12.065
