# NaN NaN NaN ;Mean Elev.(m), Avg Gradient(m/km), RMS Gradient(m/km) - SRTM1     
#  104.960   0.105  13.867 ;Mean Elev.(m), Avg Gradient(m/km), RMS Gradient(m/km) - ASTER GDEM
#    4.471   0.000   0.379 ;Mean Elev.(m), Avg Gradient(m/km), RMS Gradient(m/km) - GMTED2010 
  7  65.132646  63.399338    15.927    15.930  4 52475.28405801 37.743
  8  65.134712  63.399107    15.461    15.515  3 52510.28401582 29.171
  9  65.151367  63.399411    13.916    13.424  3 52545.28402564 29.491
 10  65.139778  63.399976    12.130    11.761  3 52580.28405625 42.858
 11  65.123039  63.397807    11.977    11.095  5 52615.28402556 24.678
 12  65.146573  63.398642    12.652    12.550  3 52650.28400319 19.610
 13  65.135065  63.399190    14.379    14.403  3 52685.28398931 12.329
 14  65.137487  63.398868    14.126    14.131  3 52720.28404078 12.500
 15  65.112103  63.393204    11.869    12.245  4 52755.28406653 16.912
 16  65.153126  63.400501    15.285    15.236  3 52790.28401242 25.085
 17  65.149424  63.399235    15.047    14.956  3 52825.28408257 24.255
 18  65.150854  63.399978    13.169    13.359  4 52860.28412826 24.121
 19  65.132741  63.399316    12.557    12.903  4 52895.28415959 33.033
 20  65.116895  63.394526    11.792    12.926  3 52930.28410985 34.157
 21  65.153386  63.400161     9.195     9.189  4 52965.28409942 28.330
 22  65.129215  63.399157    12.016    12.334  3 53000.28413424 22.921
 23  65.122181  63.397804    13.377    13.267  4 53035.28408396 15.256
 24  65.139152  63.398942    14.032    14.151  4 53070.28410253 14.205
 25  65.113698  63.393130    14.456    14.460  3 53105.28408657 10.946
 26  65.145082  63.398670    11.645    11.648  3 53140.28410855 34.951
 27  65.138439  63.397929    14.715    14.600  3 53175.28414264 25.862
 28  65.133511  63.399253    14.019    13.932  3 53210.28416064 23.302
 29  65.132161  63.398113    11.694    11.574  4 53245.28412882 38.285
 30  65.148024  63.399170     9.759     9.769  3 53280.28411073 33.977
 31  65.141280  63.400008    11.376    11.354  3 53315.28412791 35.964
 32  65.136345  63.399078    13.471    13.520  4 53350.28409395 20.450
 33  65.149112  63.399518    13.161    13.307  4 53385.28407338 17.019
 34  65.145116  63.399412    13.305    13.192  3 53420.28407837 16.514
 35  65.157013  63.400942    14.288    14.269  4 53455.28408339 12.249
 36  65.130983  63.397830    11.530    11.531  3 53490.28416981 26.845
 37  65.140609  63.397941    14.537    14.462  3 53525.28415395 25.445
 38  65.126181  63.398433    14.371    14.378  4 53560.28418198 26.319
 39  65.134271  63.399383    11.992    11.568  3 53595.28411986 26.321
 40  65.149117  63.400614    13.869    14.206  3 53630.28411260 18.538
 41  65.135092  63.398970    13.577    13.634  3 53665.28413685 24.830
 42  65.134473  63.399029     9.410     9.394  4 53700.28409115 41.305
 44  65.147854  63.399528    13.409    13.598  4 53770.28400121 14.036
 45  65.131881  63.399118    14.875    14.956  3 53805.28399515 15.701
 47  65.142444  63.398363    13.363    13.376  3 53875.28406171 51.273
 49  65.124259  63.396957    13.856    13.854  4 53945.28412952 41.442
 50  65.125970  63.398775    14.077    13.900  4 53980.28407634 21.875
 51  65.154120  63.400139    11.899    12.623  3 54015.28409343 23.794
 52  65.146765  63.399575    11.033    11.009  3 54050.28409620 30.240
 54  65.115217  63.394237    12.810    12.651  4 54120.28401725 18.853
 56  65.122812  63.397154    14.974    14.988  4 54190.28401335 13.228
 57  65.140020  63.399129    14.453    14.432  3 54225.28405709 34.916
 58  65.139088  63.399565    15.600    15.597  3 54260.28407738 48.903
 59  65.138861  63.399823    15.517    15.453  3 54295.28408134 34.006
 60  65.134582  63.399717    15.751    15.685  3 54330.28407419 36.486
 61  65.123248  63.397775    14.621    14.352  4 54365.28401953 23.623
 62  65.140286  63.399976    13.858    13.992  3 54400.28401553 27.954
 63  65.127968  63.398742    10.222    10.253  3 54435.28397359 29.953
 64  65.148140  63.400430    12.949    13.147  3 54470.28399890 21.209
 65  65.127375  63.398246    13.654    13.586  4 54505.28398749 16.529
 66  65.137627  63.398222    14.339    14.233  3 54540.28401459 14.136
 67  65.126681  63.398755    13.202    13.960  4 54575.28398833 11.023
 68  65.136226  63.397679    14.523    14.537  3 54610.28400677 24.666
 69  65.135737  63.398901    14.767    14.807  3 54645.28401430 27.620
 70  65.134580  63.398520    12.951    12.955  4 54680.28401563 36.905
 71  65.125756  63.398848    12.934    12.776  4 54715.28396632 28.999
 72  65.142111  63.399753    12.776    13.584  3 54750.28398594 22.683
 73  65.131024  63.399038    11.501    11.536  3 54785.28395512 49.129
 74  65.141861  63.397480    13.127    12.936  3 54820.28397926 16.890
 75  65.132195  63.399061    13.700    13.799  3 54855.28395143 15.720
 76  65.133341  63.398003    13.585    13.498  3 54890.28398376 14.274
 77  65.120047  63.396674    14.704    14.627  5 54925.28395123  8.780
 78  65.139773  63.398330    13.332    13.286  3 54960.28398121 36.916
 79  65.133539  63.398595    14.561    14.533  4 54995.28400320 26.070
 80  65.134641  63.398668    14.062    14.016  4 55030.28399303 27.053
 81  65.133576  63.398609    12.344    12.163  3 55065.28398353 25.796
 82  65.117464  63.395024    13.098    13.097  4 55100.28392778 29.057
 83  65.142129  63.400333    10.013    10.035  3 55135.28392834 40.708
 84  65.128917  63.398325     9.918     9.950  3 55170.28389238 28.320
 85  65.141420  63.398998    10.300     9.621  3 55205.28392172 23.724
 86  65.126037  63.398695    13.184    13.161  4 55240.28389882 17.846
 87  65.132981  63.398518    12.767    12.815  3 55275.28391604 19.002
 88  65.125168  63.397206     9.636     9.629  4 55310.28388270 35.927
 89  65.136555  63.398071    14.162    14.226  3 55345.28388468 23.382
 90  65.131243  63.398338    14.534    14.530  4 55380.28387839 47.082
 91  65.143451  63.399228    14.206    14.027  3 55415.28390386 21.085
 92  65.130945  63.397976    13.710    13.446  3 55450.28389022 21.738
 93  65.121684  63.397580    13.441    12.969  5 55485.28381563 25.708
