# NaN NaN NaN ;Mean Elev.(m), Avg Gradient(m/km), RMS Gradient(m/km) - SRTM1     
#    6.073  -0.248   1.692 ;Mean Elev.(m), Avg Gradient(m/km), RMS Gradient(m/km) - ASTER GDEM
#    0.000  -0.178   4.559 ;Mean Elev.(m), Avg Gradient(m/km), RMS Gradient(m/km) - GMTED2010 
  6  69.825453  66.780442     2.896     2.846  4 52419.66609679 42.866
  7  69.830775  66.781502     1.718     1.740  5 52454.66612154 20.594
  8  69.840183  66.783036     1.594     1.758  9 52489.66609793 23.704
  9  69.844750  66.782906     1.568     1.521 10 52524.66607507 23.701
 10  69.825567  66.780503     0.840     0.774  5 52559.66612441 30.234
 11  69.828701  66.781951     1.595     1.612  5 52594.66612944 29.445
 12  69.827531  66.779478     1.250     1.256  5 52629.66605944 14.733
 13  69.833621  66.781236     1.203     1.200  6 52664.66609080 12.495
 14  69.825264  66.780364     1.212     1.249  4 52699.66606463 10.639
 15  69.843506  66.782674     1.285     1.264  9 52734.66609352  9.465
 16  69.845934  66.783038     1.616     1.659  9 52769.66608585 42.357
 17  69.821537  66.777818     0.438     1.793  4 52804.66611787 32.106
 18  69.825566  66.781432    -0.381    -1.284  5 52839.66618024 25.363
 20  69.846224  66.782492     0.958     0.940  9 52909.66619343 41.427
 21  69.824884  66.780413     0.468     0.502  5 52944.66613161 38.925
 23  69.839488  66.781076     0.577     0.634  8 53014.66618015 12.268
 24  69.824452  66.780528     0.633     0.646  4 53049.66615356 12.101
 25  69.832228  66.782655     0.726     0.714  6 53084.66618957  8.585
 26  69.823594  66.780199     0.746     0.727  4 53119.66615966  7.884
 27  69.825337  66.779918     2.411     2.411  4 53154.66621186 49.988
 28  69.837447  66.782787     0.312     0.893  8 53189.66620180 23.302
 29  69.840367  66.782765     1.066     1.137  8 53224.66621349 25.668
 30  69.841488  66.782455     1.058     1.176  8 53259.66618826 40.247
 31  69.820048  66.778387     0.671     0.574  4 53294.66621479 27.181
 32  69.834273  66.783230     0.862     0.863  7 53329.66618837 19.302
 33  69.846116  66.783929     1.052     1.043 10 53364.66613863 13.434
 34  69.826187  66.781868     0.947     0.945  5 53399.66616322 11.099
 35  69.843517  66.783788     1.085     1.084  9 53434.66615329 10.045
 36  69.824138  66.779364     1.010     1.015  4 53469.66619697  8.239
 37  69.830138  66.782039     2.083     2.117  6 53504.66623921 40.032
 38  69.833022  66.782174     1.878     1.818  6 53539.66623841 20.650
 39  69.837182  66.782013     2.061     2.068  8 53574.66623415 50.912
 40  69.845971  66.783182     0.828     1.041 10 53609.66618451 34.662
 41  69.822490  66.780076     0.025     0.362  4 53644.66618738 32.630
 42  69.832694  66.780865     1.241     1.254  6 53679.66620467 35.089
 43  69.846308  66.783611     0.848     0.846 10 53714.66613293 13.500
 44  69.825017  66.779612     0.910     0.931  4 53749.66604848 11.159
 45  69.840571  66.782597     0.977     0.924  8 53784.66607908  9.400
 46  69.852008  66.785922     1.096     1.125 11 53819.66603952  8.372
 47  69.823393  66.780143     0.995     0.937  4 53854.66612123  7.225
 49  69.822559  66.780060     0.973     1.023  4 53924.66619664 27.040
 50  69.833212  66.782247     0.055     0.596  6 53959.66618637 25.109
 51  69.818955  66.777324     1.205     1.141  3 53994.66611940 31.913
 52  69.827615  66.779580     1.134     1.116  5 54029.66617719 43.507
 53  69.839962  66.782869     0.832     0.784  8 54064.66617108 10.232
 54  69.844322  66.782829     1.147     1.091 10 54099.66613653  9.506
 55  69.824564  66.780252     1.409     1.389  4 54134.66609611 11.658
 57  69.824895  66.778864     1.489     1.418  4 54204.66610012  7.707
 58  69.832988  66.782169     2.566     2.541  6 54239.66613485 28.885
 59  69.835752  66.781072     1.927     1.941  7 54274.66615123 23.384
 61  69.845139  66.783867     2.246     2.236 10 54344.66612938 36.731
 62  69.826195  66.781925     0.770     0.869  5 54379.66608914 32.437
 63  69.838318  66.782016     1.358     1.358  8 54414.66607741 37.805
 64  69.823766  66.780511     0.856     0.846  5 54449.66605625 20.370
 65  69.833522  66.783250     0.974     1.014  7 54484.66607244 15.970
 66  69.827525  66.781361     0.849     0.820  5 54519.66606983 14.567
 67  69.841977  66.782823     1.076     1.029  8 54554.66608367  9.184
 68  69.829963  66.781246     1.100     1.079  6 54589.66606579  6.901
 69  69.836031  66.782165     2.024     1.982  8 54624.66608268 22.366
 70  69.832285  66.780653    -1.665    -3.058  6 54659.66609103 28.651
 71  69.840033  66.782561     0.710     0.661  8 54694.66607072 34.319
 72  69.828049  66.780264     0.697     0.783  5 54729.66604576 31.882
 73  69.833459  66.782146     0.947     1.043  7 54764.66604880 32.398
 74  69.824727  66.778584     0.720     0.718  4 54799.66603903 22.407
 75  69.833756  66.783441     1.012     0.987  7 54834.66604016 17.071
 76  69.825600  66.779514     0.868     0.792  4 54869.66603623 12.830
 77  69.841623  66.782941     1.129     1.138  9 54904.66604876 11.294
 78  69.828782  66.779996     1.057     1.017  5 54939.66602775  9.602
 79  69.831016  66.781420     2.562     2.579  6 54974.66605828 19.838
 80  69.836256  66.781990     1.920     1.909  8 55009.66607088 22.941
 81  69.833339  66.781245     1.467     1.510  6 55044.66606124 28.523
 82  69.844229  66.781841     1.028     1.124  9 55079.66603695 35.909
 83  69.829314  66.780706     0.978     0.951  6 55114.66599339 48.299
 84  69.833487  66.782172     0.668     0.648  7 55149.66599334 20.688
 85  69.824989  66.779688     0.848     0.832  4 55184.66597696 12.795
 86  69.836630  66.782316     0.934     0.932  8 55219.66599122 10.903
 87  69.827771  66.781385     0.888     0.860  5 55254.66597310  9.722
 88  69.844171  66.782077     1.044     1.050  9 55289.66598058  9.397
 89  69.831720  66.781886     1.691     1.769  6 55324.66595985 23.625
 90  69.836444  66.781759     1.882     1.817  8 55359.66595740 23.996
 91  69.826687  66.782086     1.211     1.241  5 55394.66596235 16.815
 92  69.833811  66.781808     1.268     1.246  6 55429.66597318 22.292
 93  69.845806  66.784645     1.041     1.097 10 55464.66593558 38.250
