# NaN NaN NaN ;Mean Elev.(m), Avg Gradient(m/km), RMS Gradient(m/km) - SRTM1     
#    2.114  -0.251   3.594 ;Mean Elev.(m), Avg Gradient(m/km), RMS Gradient(m/km) - ASTER GDEM
#   19.576  -0.184   2.830 ;Mean Elev.(m), Avg Gradient(m/km), RMS Gradient(m/km) - GMTED2010 
  7    21.644 52469.68513483 29.29  66.904367  62.208064  8.854
  7    21.455 52469.68513547 30.99  66.901887  62.211204  8.854
  8    18.363 52504.68511964 30.12  66.907406  62.207980 18.909
  8    18.006 52504.68512028 27.79  66.904916  62.211130 18.909
  8    18.258 52504.68512093 25.81  66.902426  62.214270 18.909
 11    15.927 52609.68510690 28.96  66.909556  62.208200 19.170
 11    15.983 52609.68510754 47.71  66.907066  62.211350 19.170
 11    15.906 52609.68510819 45.85  66.904586  62.214490 19.170
 20    18.515 52924.68520083 32.95  66.914279  62.208060 12.809
 20    18.324 52924.68520147 18.95  66.911789  62.211210 12.809
 20    12.709 52924.68520212 21.92  66.909309  62.214350 12.809
 21    12.123 52959.68516786 28.02  66.902940  62.206653 12.726
 21    12.179 52959.68516850 27.73  66.900450  62.209803 12.726
 22    12.395 52994.68520075 23.30  66.901524  62.208986  9.190
 22    12.313 52994.68520140 24.48  66.899044  62.212126  9.190
 23    12.396 53029.68516404 16.37  66.916819  62.208690  6.281
 23    12.423 53029.68516468 16.63  66.914329  62.211840  6.281
 24    12.410 53064.68517150 19.82  66.907147  62.207384 15.718
 24    12.424 53064.68517214 28.79  66.904657  62.210534 15.718
 24    12.418 53064.68517279 42.89  66.902177  62.213674 15.718
 25    19.312 53099.68518031 11.98  66.910941  62.207469 10.276
 25    12.544 53099.68518095 29.38  66.908451  62.210619 10.276
 25    12.374 53099.68518160 37.05  66.905971  62.213759 10.276
 26    14.503 53134.68517136 35.51  66.907575  62.207396 24.561
 26    14.337 53134.68517200 29.89  66.905085  62.210546 24.561
 26    14.280 53134.68517265 30.81  66.902605  62.213686 24.561
 29    14.211 53239.68520956 41.02  66.916904  62.208462 18.229
 29    14.250 53239.68521021 41.38  66.914414  62.211612 18.229
 29    14.247 53239.68521085 39.35  66.911934  62.214752 18.229
 32    15.929 53344.68519121 26.25  66.909971  62.207755 15.700
 32    16.066 53344.68519186 38.54  66.907481  62.210905 15.700
 32    16.024 53344.68519250 47.62  66.905001  62.214045 15.700
 34    13.583 53414.68516822 19.22  66.910985  62.208250 11.001
 34    13.564 53414.68516887 39.14  66.908495  62.211400 11.001
 34    13.499 53414.68516951 44.98  66.906015  62.214540 11.001
 37    19.521 53519.68524270 28.84  66.908596  62.207896 20.445
 37    18.844 53519.68524334 21.14  66.906106  62.211046 20.445
 37    19.158 53519.68524399 19.82  66.903626  62.214186 20.445
 39    15.740 53589.68521026 31.48  66.917195  62.209596 16.009
 39    15.877 53589.68521090 31.53  66.914705  62.212746 16.009
 42    12.271 53694.68519096 45.67  66.910570  62.207601 28.223
 42    12.186 53694.68519160 51.53  66.908080  62.210751 28.223
 42    12.137 53694.68519225 49.39  66.905600  62.213891 28.223
 43    13.887 53729.68511395 20.26  66.920279  62.209317  8.640
 43    13.968 53729.68511460 21.08  66.917789  62.212467  8.640
 44    12.903 53764.68507917 13.20  66.902661  62.209878  6.962
 44    13.098 53764.68507981 23.10  66.900181  62.213018  6.962
 45    12.162 53799.68508460 12.18  66.917709  62.208875  4.181
 45    12.042 53799.68508524 13.16  66.915219  62.212025  4.181
 50    18.841 53974.68517293 28.29  66.911048  62.207873 18.510
 50    18.787 53974.68517357 17.16  66.908558  62.211023 18.510
 50    16.263 53974.68517422 21.33  66.906078  62.214163 18.510
 52    14.817 54044.68518675 43.90  66.906446  62.207796 35.989
 52    14.440 54044.68518739 42.60  66.903956  62.210946 35.989
 52    14.418 54044.68518804 51.16  66.901476  62.214086 35.989
 53    16.370 54079.68517983 17.12  66.911828  62.207299  9.416
 53    16.467 54079.68518048 27.43  66.909338  62.210449  9.416
 53    16.273 54079.68518112 41.66  66.906858  62.213589  9.416
 54    16.130 54114.68511566 16.55  66.918859  62.208758  4.875
 54    14.816 54114.68511630 17.98  66.916369  62.211908  4.875
 56    17.717 54184.68510605 10.96  66.917819  62.208309  3.151
 56    18.376 54184.68510670 11.29  66.915329  62.211459  3.151
 56    16.989 54184.68510734 12.14  66.912849  62.214599  3.151
 58    20.498 54254.68516081 34.74  66.904641  62.207372 25.267
 58    20.064 54254.68516145 26.69  66.902151  62.210522 25.267
 59    21.978 54289.68516341 49.68  66.908580  62.207610 30.817
 59    21.975 54289.68516406 49.00  66.906090  62.210760 30.817
 59    21.941 54289.68516470 48.89  66.903610  62.213900 30.817
 60    21.013 54324.68516089 32.66  66.908982  62.207419 10.846
 60    20.790 54324.68516153 31.74  66.906492  62.210569 10.846
 60    20.315 54324.68516218 30.68  66.904012  62.213709 10.846
 61    18.023 54359.68511534 21.87  66.919039  62.209138 18.366
 61    16.062 54359.68511599 24.30  66.916549  62.212288 18.366
 62    18.623 54394.68510093 31.78  66.905265  62.206779 14.307
 62    18.754 54394.68510157 20.62  66.902775  62.209929 14.307
 62    18.310 54394.68510222 15.01  66.900295  62.213069 14.307
 63    17.814 54429.68506543 22.92  66.914003  62.208603  6.719
 63    13.974 54429.68506608 25.10  66.911513  62.211753  6.719
 63    13.931 54429.68506672 25.88  66.909033  62.214893  6.719
 65    13.137 54499.68507641 18.11  66.912483  62.207655  9.547
 65    12.968 54499.68507706 24.66  66.909993  62.210805  9.547
 65    12.943 54499.68507770 29.62  66.907513  62.213945  9.547
 66    19.347 54534.68509538 14.91  66.905181  62.209728  4.428
 66    13.003 54534.68509603 15.98  66.902691  62.212868  4.428
 67    18.899 54569.68507987  7.58  66.917054  62.208479  3.016
 67    18.132 54569.68508052  7.97  66.914564  62.211629  3.016
 67    18.502 54569.68508116  8.31  66.912074  62.214769  3.016
 68    18.999 54604.68508945 26.45  66.903937  62.206835 23.728
 68    18.596 54604.68509009 20.44  66.901447  62.209985 23.728
 69    19.740 54639.68509953 28.62  66.907389  62.207634 21.264
 69    19.371 54639.68510017 23.38  66.904899  62.210784 21.264
 69    19.287 54639.68510082 21.81  66.902409  62.213924 21.264
 70    18.739 54674.68510209 27.11  66.905778  62.207377 27.907
 70    17.341 54674.68510273 26.40  66.903288  62.210527 27.907
 70    17.493 54674.68510338 26.03  66.900798  62.213667 27.907
 71    18.707 54709.68505930 15.53  66.915863  62.209091 17.244
 71    18.212 54709.68505995 20.47  66.913373  62.212241 17.244
 72    13.964 54744.68506883 40.30  66.903408  62.206913 24.720
 72    13.992 54744.68506947 40.13  66.900918  62.210063 24.720
 73    14.445 54779.68504269 51.82  66.910533  62.208124 31.251
 73    14.240 54779.68504333 51.92  66.908043  62.211274 31.251
 73    14.225 54779.68504398 52.15  66.905553  62.214414 31.251
 75    14.877 54849.68504169 15.25  66.912065  62.208204  8.102
 75    14.854 54849.68504234 32.27  66.909575  62.211354  8.102
 75    14.680 54849.68504298 37.76  66.907085  62.214494  8.102
 76    13.651 54884.68506610 18.11  66.901082  62.208837  5.415
 76    13.603 54884.68506674 26.44  66.898592  62.211977  5.415
 77    12.986 54919.68504322 15.13  66.917387  62.207510  5.502
 77    12.837 54919.68504387 14.30  66.914897  62.210660  5.502
 77    12.795 54919.68504451 15.68  66.912417  62.213800  5.502
 80    18.852 55024.68507608 24.63  66.910579  62.208090 29.453
 80    17.201 55024.68507672 23.25  66.908089  62.211240 29.453
 80    11.520 55024.68507737 20.46  66.905599  62.214380 29.453
 81    18.746 55059.68507054 30.05  66.907912  62.207337 26.161
 81    15.877 55059.68507118 21.97  66.905422  62.210487 26.161
 81    16.030 55059.68507183 21.67  66.902932  62.213637 26.161
 82    14.291 55094.68502309 21.44  66.916837  62.209238 25.181
 82    14.340 55094.68502373 24.60  66.914347  62.212388 25.181
 83    18.674 55129.68501203 19.80  66.904177  62.207132 11.213
 83    18.081 55129.68501267 18.22  66.901687  62.210282 11.213
 84    13.910 55164.68498517 27.52  66.909061  62.210130 13.061
 84    13.923 55164.68498582 29.94  66.906571  62.213270 13.061
 86    15.946 55234.68498991 11.99  66.913845  62.207964  4.975
 86    15.308 55234.68499056 12.87  66.911355  62.211114  4.975
 86    15.972 55234.68499120 12.84  66.908865  62.214254  4.975
 87    16.700 55269.68499870 12.66  66.904121  62.209291  3.417
 87    16.501 55269.68499934 12.58  66.901631  62.212431  3.417
 88    12.572 55304.68497092 14.08  66.918320  62.209326 12.878
 88    12.722 55304.68497156 12.90  66.915830  62.212476 12.878
 89    18.528 55339.68497049 26.66  66.906548  62.207661 30.233
 89    18.049 55339.68497113 21.14  66.904058  62.210811 30.233
 89    17.750 55339.68497178 22.22  66.901568  62.213951 30.233
 90    19.534 55374.68496207 29.08  66.910489  62.207500 23.691
 90    19.200 55374.68496271 20.28  66.907999  62.210650 23.691
 90    19.504 55374.68496336 18.35  66.905509  62.213790 23.691
 91    19.242 55409.68498390 27.35  66.904805  62.206804 29.488
 91    18.120 55409.68498454 24.56  66.902315  62.209954 29.488
 91    18.841 55409.68498519 20.14  66.899825  62.213094 29.488
 92    18.887 55444.68497907 34.03  66.908871  62.207623 21.057
 92    18.835 55444.68497972 20.59  66.906381  62.210773 21.057
 92    16.251 55444.68498036 21.51  66.903891  62.213913 21.057
 93    14.094 55479.68491495 51.29  66.920665  62.209731 26.690
 93    14.196 55479.68491559 51.25  66.918175  62.212881 26.690
