# NaN NaN NaN ;Mean Elev.(m), Avg Gradient(m/km), RMS Gradient(m/km) - SRTM1     
# NaN NaN NaN ;Mean Elev.(m), Avg Gradient(m/km), RMS Gradient(m/km) - ASTER GDEM
#    4.236  -1.924  14.977 ;Mean Elev.(m), Avg Gradient(m/km), RMS Gradient(m/km) - GMTED2010 
  6  65.308770  63.267875    57.748    57.748  2 52418.68732534  2.272
  7  65.314717  63.266922    19.971    19.907  4 52453.68735106 21.982
  8  65.321428  63.272155    36.954    31.166  3 52488.68733035 16.925
  9  65.325327  63.270699    43.849    43.849  2 52523.68730460  1.207
 12  65.314392  63.266298    12.512    12.517  3 52628.68728035 19.305
 13  65.317812  63.268552    12.849    12.854  4 52663.68731739 14.336
 14  65.311363  63.265954    13.477    13.395  3 52698.68729224 11.504
 15  65.325983  63.272459    15.713    15.788  3 52733.68731642  9.480
 16  65.328073  63.268980    45.260    45.260  2 52768.68731790  8.845
 18  65.313531  63.266435    16.442    16.327  3 52838.68740407 22.327
 20  65.325809  63.271128    30.606    35.212  3 52908.68742490 16.603
 21  65.314049  63.266194     9.517     9.414  3 52943.68735431 49.700
 23  65.319912  63.269519    13.003    13.129  3 53013.68741037 14.503
 24  65.312319  63.264569    12.348    12.601  3 53048.68738037 13.518
 25  65.316392  63.268144    13.836    13.916  3 53083.68741631  9.334
 28  65.322168  63.269591    16.234    16.100  4 53188.68742641 17.705
 29  65.322802  63.271037    14.194    14.406  3 53223.68744273 17.688
 30  65.322596  63.270732    14.729    15.271  3 53258.68741804 15.556
 31  65.304937  63.264517    11.100    10.781  3 53293.68744036 35.976
 32  65.320960  63.268938    11.770    11.804  4 53328.68741422 26.549
 33  65.327662  63.272259    12.565    12.561  4 53363.68736715 16.506
 34  65.313003  63.266268    11.974    12.085  3 53398.68738954 16.594
 35  65.326397  63.271695    13.519    13.412  3 53433.68738082 12.293
 37  65.315802  63.266534    26.876    26.876  2 53503.68746695 45.780
 38  65.316783  63.271013    16.013    16.248  3 53538.68746427 27.613
 39  65.318557  63.269402    13.826    13.817  4 53573.68746319 49.710
 40  65.327535  63.271811    15.130    14.708  4 53608.68741309 13.700
 41  65.307606  63.266926    12.501    12.501  2 53643.68741471 20.352
 42  65.316530  63.266699    10.004    10.087  3 53678.68743249 50.858
 43  65.328372  63.272293    11.901    11.796  3 53713.68736163 17.960
 44  65.310579  63.266095    13.795    14.035  3 53748.68727525 12.391
 46  65.332676  63.274813    21.765    21.765  2 53818.68726926  5.605
 47  65.309060  63.265621    13.922    13.822  3 53853.68734647  7.157
 48  65.323170  63.269609    46.680    37.449  4 53888.68735472 10.820
 49  65.310296  63.263522    31.699    36.139  3 53923.68742224 24.332
 50  65.317157  63.267095    12.807    12.746  3 53958.68741443 51.027
 51  65.307035  63.263608    22.001    22.001  2 53993.68734346 34.448
 52  65.312422  63.266373    13.249    13.071  3 54028.68740381 22.638
 53  65.322904  63.271285    12.379    12.912  3 54063.68739798 23.257
 54  65.325931  63.271242    12.903    13.260  3 54098.68736550 15.138
 55  65.310676  63.265920    14.017    13.882  3 54133.68732127 13.656
 56  65.322639  63.270870    14.051    14.052  3 54168.68733979 12.174
 57  65.311060  63.265302    10.250    10.054  3 54203.68732501 22.754
 58  65.317664  63.268479    54.868    59.825  4 54238.68736041  5.782
 59  65.318654  63.270093    28.998    17.975  3 54273.68737843 31.086
 60  65.317425  63.268529    17.463    17.368  4 54308.68737992 27.393
 61  65.325122  63.273602    15.839    15.839  2 54343.68735856 25.222
 62  65.315546  63.264836    44.214    44.214  2 54378.68731491  1.543
 63  65.320511  63.269735    11.031    10.975  4 54413.68730571 42.526
 64  65.311564  63.265159    12.502    12.542  4 54448.68728156 17.424
 65  65.319162  63.269087    13.103    13.260  4 54483.68729940 12.431
 66  65.314488  63.265543    12.883    12.677  3 54518.68729522 10.429
 67  65.323616  63.271507     9.403     9.394  3 54553.68731172 33.412
 68  65.316059  63.267006    11.590    11.340  3 54588.68729144 19.555
 69  65.319600  63.269171    33.318    29.143  4 54623.68730921 18.639
 70  65.316859  63.267878    18.018    18.047  4 54658.68731793 43.479
 71  65.322024  63.270275    22.742    22.742  2 54693.68729931 24.244
 72  65.313524  63.266899    29.019    29.019  2 54728.68727184 16.310
 73  65.318638  63.268080    22.299    22.299  2 54763.68727658 35.060
 74  65.310350  63.264519    12.736    12.607  3 54798.68726471 22.523
 75  65.319225  63.269158    13.162    13.163  4 54833.68726734 11.802
 76  65.311170  63.266275    14.350    14.215  3 54868.68726150 10.030
 77  65.323692  63.269899    13.124    13.112  3 54903.68727676 10.148
 78  65.314825  63.266526    15.316    15.520  4 54938.68725239  3.483
 79  65.316951  63.266931    16.785    16.672  3 54973.68728376 19.550
 80  65.319405  63.269277    30.109    16.269  3 55008.68729862 23.744
 81  65.317749  63.268715    15.652    15.798  4 55043.68728830 20.431
 82  65.324283  63.270786    20.113    13.000  3 55078.68726596 30.546
 83  65.316734  63.264992    47.009    47.009  2 55113.68721991  1.870
 84  65.318534  63.267864     9.683     9.670  4 55148.68722084 36.870
 85  65.311196  63.265240    12.355    12.461  3 55183.68720236 16.163
 86  65.320419  63.269295    13.187    13.172  4 55218.68721883 11.474
 87  65.314161  63.266733    13.426    13.673  4 55253.68719845 10.767
 88  65.323981  63.271621     9.458     8.874  3 55288.68720922  5.501
 89  65.317811  63.267407    49.036    44.763  3 55323.68718624  8.201
 90  65.316874  63.271934    15.528    15.528  2 55358.68718542 48.036
 91  65.314995  63.265861    14.657    14.531  3 55393.68718794 24.596
 92  65.317942  63.269071    14.974    15.056  4 55428.68720085 30.208
 93  65.327032  63.272625    28.131    34.300  3 55463.68716450 10.659
