# NaN NaN NaN ;Mean Elev.(m), Avg Gradient(m/km), RMS Gradient(m/km) - SRTM1     
#  -11.985  -0.314   5.521 ;Mean Elev.(m), Avg Gradient(m/km), RMS Gradient(m/km) - ASTER GDEM
#    3.705  -0.027   1.777 ;Mean Elev.(m), Avg Gradient(m/km), RMS Gradient(m/km) - GMTED2010 
  8     6.224 52498.67797030 26.73  66.094874  66.258524 38.889
  8     5.646 52498.67797094 26.60  66.091624  66.261604 38.889
  8     5.216 52498.67797159 22.56  66.088366  66.264690 30.546
  8     4.638 52498.67797223 22.39  66.085106  66.267780 30.546
  8     4.857 52498.67797288 21.64  66.081856  66.270860 30.546
  8     5.595 52498.67797352 21.71  66.078596  66.273940 30.546
  8     6.211 52498.67797417 22.90  66.075336  66.277020 30.546
  8     6.340 52498.67797481 39.96  66.072076  66.280110 30.546
 10     3.598 52568.67798434 25.67  66.087155  66.253504 11.599
 10     3.168 52568.67798499 27.22  66.083905  66.256584 11.599
 10     3.419 52568.67798563 21.93  66.080645  66.259674 11.599
 10     3.319 52568.67798628 20.19  66.077395  66.262754 11.599
 10     2.791 52568.67798692 21.16  66.074135  66.265834 11.599
 10     3.996 52568.67798757 19.48  66.070875  66.268924 11.599
 10     4.597 52568.67798821 20.92  66.067615  66.272004 11.599
 10     5.004 52568.67798886 21.29  66.064359  66.275089 11.301
 11     2.679 52603.67797543 23.92  66.090961  66.259237  6.382
 11     2.374 52603.67797608 25.84  66.087711  66.262327  6.382
 11     2.503 52603.67797672 27.36  66.084451  66.265407  6.382
 11     2.527 52603.67797737 30.73  66.081201  66.268487  6.382
 11     2.403 52603.67797801 31.40  66.077941  66.271567  6.382
 11     2.452 52603.67797866 29.59  66.074691  66.274657  6.382
 11     2.559 52603.67797930 26.78  66.071431  66.277737  6.382
 13     3.386 52673.67795047 12.94  66.090653  66.259053  2.588
 13     3.195 52673.67795111 12.77  66.087403  66.262133  2.588
 13     2.942 52673.67795176 13.32  66.084143  66.265223  2.588
 13     2.533 52673.67795240 13.83  66.080893  66.268303  2.588
 13     2.348 52673.67795305 13.36  66.077633  66.271383  2.588
 13     2.810 52673.67795369 13.70  66.074373  66.274473  2.588
 13     3.703 52673.67795434 13.68  66.071123  66.277553  2.588
 14     3.818 52708.67796001 10.30  66.086460  66.249915  2.595
 14     3.557 52708.67796066 10.79  66.083200  66.253005  2.595
 14     3.431 52708.67796130 11.23  66.079950  66.256085  2.595
 14     3.175 52708.67796195 11.11  66.076690  66.259165  2.595
 14     3.085 52708.67796259 11.13  66.073440  66.262245  2.595
 14     2.302 52708.67796324 11.68  66.070180  66.265335  2.595
 14     1.808 52708.67796388 11.66  66.066920  66.268415  2.595
 14     1.979 52708.67796453 11.20  66.063660  66.271495  2.595
 14     1.450 52708.67796517 12.18  66.060400  66.274585  2.595
 15     3.574 52743.67799047  8.48  66.089378  66.254617  2.707
 15     3.056 52743.67799111  8.74  66.086128  66.257707  2.707
 15     2.974 52743.67799176  8.26  66.082878  66.260787  2.707
 15     2.171 52743.67799240  9.51  66.079618  66.263867  2.707
 15     2.776 52743.67799305  8.95  66.076358  66.266947  2.707
 15     1.616 52743.67799369 10.69  66.073108  66.270037  2.707
 15     1.804 52743.67799433  9.57  66.069848  66.273117  2.707
 15     1.236 52743.67799498  9.20  66.066588  66.276197  2.707
 17     6.009 52813.67800941 35.58  66.080499  66.247510 27.293
 17     5.621 52813.67801005 32.57  66.077249  66.250590 27.293
 17     5.690 52813.67801070 34.47  66.073989  66.253670 27.293
 17     6.124 52813.67801134 38.71  66.070739  66.256750 27.293
 17     6.021 52813.67801199 43.03  66.067479  66.259840 27.293
 17     6.080 52813.67801263 41.38  66.064219  66.262920 27.293
 17     5.922 52813.67801328 39.59  66.060959  66.266000 27.293
 17     5.864 52813.67801392 40.51  66.057699  66.269090 27.293
 17     5.958 52813.67801457 44.97  66.054439  66.272170 27.293
 19     3.439 52883.67809943 40.49  66.088714  66.253266 20.932
 19     3.691 52883.67810007 38.38  66.085454  66.256346 20.932
 19     3.850 52883.67810072 35.55  66.082204  66.259426 20.932
 19     3.759 52883.67810136 35.51  66.078944  66.262516 20.932
 19     3.199 52883.67810201 35.33  66.075694  66.265596 20.932
 19     2.975 52883.67810265 32.57  66.072434  66.268676 20.932
 19     3.472 52883.67810329 30.50  66.069174  66.271766 20.932
 19     3.242 52883.67810394 31.24  66.065914  66.274846 20.932
 20     2.575 52918.67805667 32.74  66.096038  66.258413 18.067
 20     2.745 52918.67805732 28.69  66.092788  66.261503 18.067
 20     2.214 52918.67805796 29.39  66.089528  66.264583 18.067
 20     1.819 52918.67805861 26.86  66.086278  66.267663 18.067
 20     2.078 52918.67805925 22.92  66.083018  66.270743 18.067
 20     2.966 52918.67805989 20.62  66.079768  66.273833 18.067
 20     4.822 52918.67806054 19.83  66.076508  66.276913 18.067
 20     5.116 52918.67806118 21.44  66.073248  66.279993 18.067
 21    -1.336 52953.67801797 26.11  66.086536  66.249387  7.240
 21    -0.569 52953.67801861 26.82  66.083286  66.252467  7.240
 21    -0.046 52953.67801926 27.32  66.080026  66.255547  7.240
 21     0.259 52953.67801990 28.67  66.076766  66.258627  7.240
 21     0.688 52953.67802055 28.62  66.073516  66.261717  7.240
 21     0.669 52953.67802119 31.00  66.070256  66.264797  7.240
 21     0.674 52953.67802184 31.82  66.066996  66.267877  7.240
 21     0.643 52953.67802248 31.41  66.063736  66.270957  7.240
 21     0.532 52953.67802313 30.10  66.060476  66.274047  7.240
 22     3.893 52988.67802750 16.02  66.094206  66.257789  3.324
 22     0.722 52988.67802814 16.67  66.090956  66.260879  3.324
 22     1.170 52988.67802878 17.39  66.087696  66.263959  3.324
 22     0.938 52988.67802943 18.83  66.084446  66.267039  3.324
 22     1.961 52988.67803007 17.13  66.081186  66.270119  3.324
 22     1.121 52988.67803072 17.36  66.077926  66.273209  3.324
 22     0.962 52988.67803136 17.45  66.074666  66.276289  3.324
 22     3.825 52988.67803201 17.21  66.071406  66.279369  3.324
 23     4.163 53023.67801482 10.28  66.099140  66.259023  2.563
 23     3.334 53023.67801547 10.75  66.095890  66.262113  2.563
 23     2.564 53023.67801611 11.92  66.092630  66.265193  2.563
 23     1.425 53023.67801676 12.01  66.089380  66.268273  2.563
 23     2.028 53023.67801740 11.50  66.086120  66.271353  2.563
 23     2.343 53023.67801805 11.27  66.082860  66.274443  2.563
 23     3.261 53023.67801869 11.03  66.079610  66.277523  2.563
 23     3.428 53023.67801934 11.19  66.076350  66.280603  2.563
 24     3.907 53058.67801029 10.52  66.089958  66.258113  2.424
 24     3.308 53058.67801093 10.93  66.086708  66.261193  2.424
 24     3.069 53058.67801158 11.12  66.083448  66.264283  2.424
 24     2.764 53058.67801222 11.06  66.080188  66.267363  2.424
 24     2.645 53058.67801287 11.44  66.076928  66.270443  2.424
 24     2.821 53058.67801351 11.43  66.073678  66.273533  2.424
 24     3.394 53058.67801416 11.73  66.070418  66.276613  2.424
 25     4.014 53093.67804773  8.80  66.092993  66.256175  2.819
 25     3.566 53093.67804838  9.13  66.089733  66.259255  2.819
 25     2.618 53093.67804902  9.66  66.086483  66.262345  2.819
 25     2.042 53093.67804967 10.18  66.083223  66.265425  2.819
 25     2.204 53093.67805031 10.37  66.079973  66.268505  2.819
 25     1.439 53093.67805096 11.04  66.076713  66.271595  2.819
 25     2.493 53093.67805160 10.55  66.073463  66.274675  2.819
 25     0.711 53093.67805225 10.06  66.070203  66.277755  2.819
 26     4.193 53128.67801849  7.59  66.089294  66.251111  2.575
 26     4.076 53128.67801914  7.86  66.086044  66.254201  2.575
 26     3.773 53128.67801978  7.90  66.082784  66.257281  2.575
 26     3.604 53128.67802043  8.08  66.079534  66.260361  2.575
 26     2.735 53128.67802107  8.54  66.076274  66.263451  2.575
 26     2.497 53128.67802172  8.97  66.073014  66.266531  2.575
 26     1.793 53128.67802236  9.25  66.069754  66.269611  2.575
 26     1.935 53128.67802301  9.37  66.066494  66.272701  2.575
 26     2.641 53128.67802365  9.30  66.063234  66.275781  2.575
 28     5.297 53198.67808644 37.82  66.089469  66.254310 28.776
 28     5.273 53198.67808708 33.16  66.086209  66.257390 28.776
 28     4.940 53198.67808773 34.16  66.082959  66.260480 28.776
 28     5.101 53198.67808837 33.89  66.079699  66.263560 28.776
 28     5.131 53198.67808902 34.31  66.076439  66.266640 28.776
 28     5.104 53198.67808966 35.50  66.073189  66.269720 28.776
 28     5.300 53198.67809031 35.54  66.069929  66.272810 28.776
 28     5.435 53198.67809095 38.88  66.066669  66.275890 28.776
 29     5.192 53233.67805916 39.04  66.098843  66.259244 19.171
 29     2.649 53233.67805981 36.63  66.095593  66.262324 19.171
 29     2.944 53233.67806045 29.88  66.092333  66.265414 19.171
 29     2.641 53233.67806110 28.32  66.089083  66.268494 19.171
 29     2.269 53233.67806174 28.08  66.085823  66.271574 19.171
 29     2.255 53233.67806239 26.09  66.082563  66.274664 19.171
 29     2.420 53233.67806303 27.12  66.079303  66.277744 19.171
 29     2.229 53233.67806368 26.58  66.076053  66.280824 19.171
 30     2.917 53268.67802668 36.29  66.102755  66.260054 23.952
 30     3.114 53268.67802733 36.75  66.099505  66.263144 23.952
 30     3.319 53268.67802797 34.27  66.096255  66.266224 23.952
 30     2.907 53268.67802862 31.83  66.092995  66.269304 23.952
 30     2.401 53268.67802926 31.38  66.089745  66.272394 23.952
 30     1.796 53268.67802990 31.42  66.086485  66.275474 23.952
 30     2.154 53268.67803055 30.26  66.083235  66.278554 23.952
 30     2.087 53268.67803119 30.21  66.079975  66.281644 23.952
 31     5.243 53303.67808448 22.97  66.078506  66.249344 20.794
 31     2.879 53303.67808512 25.62  66.075256  66.252424 20.794
 31     1.747 53303.67808577 28.08  66.071996  66.255504 20.794
 31     1.916 53303.67808641 37.93  66.068746  66.258594 20.794
 31     1.897 53303.67808706 50.87  66.065486  66.261674 20.794
 31     1.844 53303.67808770 50.62  66.062226  66.264754 20.794
 31     1.895 53303.67808835 50.16  66.058976  66.267834 20.794
 31     1.948 53303.67808899 50.93  66.055716  66.270924 20.794
 31     1.710 53303.67808964 36.52  66.052456  66.274004 20.794
 32     3.940 53338.67805486 16.22  66.090943  66.257869  3.462
 32     2.925 53338.67805551 16.49  66.087693  66.260959  3.462
 32     1.813 53338.67805615 18.20  66.084433  66.264039  3.462
 32     1.779 53338.67805680 18.81  66.081183  66.267119  3.462
 32     1.700 53338.67805744 18.65  66.077923  66.270199  3.462
 32     1.574 53338.67805809 19.49  66.074663  66.273289  3.462
 32     1.479 53338.67805873 17.53  66.071403  66.276369  3.462
 32     1.377 53338.67805938 17.78  66.068153  66.279449  3.462
 33     3.671 53373.67798777 12.96  66.102876  66.260135  2.613
 33     3.139 53373.67798841 12.76  66.099626  66.263225  2.613
 33     2.029 53373.67798906 13.84  66.096376  66.266305  2.613
 33     2.107 53373.67798970 14.43  66.093116  66.269385  2.613
 33     2.120 53373.67799035 14.23  66.089866  66.272465  2.613
 33     2.099 53373.67799099 14.10  66.086606  66.275555  2.613
 33     2.080 53373.67799163 13.65  66.083346  66.278635  2.613
 33     1.900 53373.67799228 13.75  66.080086  66.281715  2.613
 34     4.320 53408.67802774 11.83  66.088294  66.254030  2.540
 34     3.633 53408.67802838 11.88  66.085034  66.257110  2.540
 34     2.534 53408.67802903 12.56  66.081784  66.260200  2.540
 34     1.828 53408.67802967 13.49  66.078524  66.263280  2.540
 34     2.015 53408.67803031 13.47  66.075264  66.266360  2.540
 34     2.292 53408.67803096 12.59  66.072014  66.269440  2.540
 34     3.346 53408.67803160 12.10  66.068754  66.272530  2.540
 34     3.608 53408.67803225 12.75  66.065494  66.275610  2.540
 35     3.583 53443.67801237  8.82  66.102463  66.259250  2.491
 35     2.808 53443.67801301  9.54  66.099213  66.262330  2.491
 35     2.264 53443.67801366  9.70  66.095963  66.265420  2.491
 35     1.764 53443.67801430 10.62  66.092703  66.268500  2.491
 35     1.767 53443.67801495 10.59  66.089453  66.271580  2.491
 35     1.802 53443.67801559  9.91  66.086193  66.274670  2.491
 35     1.690 53443.67801623  9.70  66.082933  66.277750  2.491
 35     2.371 53443.67801688  9.97  66.079683  66.280830  2.491
 36     3.945 53478.67808694  7.73  66.083426  66.248590  2.617
 36     3.950 53478.67808758  7.62  66.080176  66.251670  2.617
 36     3.247 53478.67808823  8.49  66.076916  66.254750  2.617
 36     2.804 53478.67808887  8.17  66.073666  66.257840  2.617
 36     2.354 53478.67808952  9.09  66.070406  66.260920  2.617
 36     2.076 53478.67809016  9.05  66.067146  66.264000  2.617
 36     1.914 53478.67809081  9.22  66.063896  66.267080  2.617
 36     1.702 53478.67809145  9.17  66.060636  66.270170  2.617
 36     0.971 53478.67809209  9.70  66.057376  66.273250  2.617
 37     6.362 53513.67809676 39.62  66.091109  66.253243 34.216
 37     6.225 53513.67809741 26.03  66.087859  66.256333 34.216
 37     5.721 53513.67809805 24.90  66.084599  66.259413 34.216
 37     5.399 53513.67809869 23.03  66.081349  66.262493 34.216
 37     5.923 53513.67809934 21.74  66.078089  66.265583 34.216
 37     6.164 53513.67809998 22.34  66.074829  66.268663 34.216
 37     6.327 53513.67810063 23.49  66.071569  66.271743 34.216
 37     6.219 53513.67810127 26.11  66.068319  66.274833 34.216
 37     6.272 53513.67810192 37.90  66.065059  66.277913 34.216
 38     5.487 53548.67811527 21.56  66.090356  66.254049 28.773
 38     5.065 53548.67811591 17.76  66.087096  66.257129 28.773
 38     4.374 53548.67811656 17.95  66.083846  66.260209 28.773
 38     4.522 53548.67811720 16.39  66.080586  66.263299 28.773
 38     4.624 53548.67811784 16.22  66.077336  66.266379 28.773
 38     4.937 53548.67811849 16.28  66.074076  66.269459 28.773
 38     5.209 53548.67811913 17.90  66.070816  66.272549 28.773
 38     5.382 53548.67811978 23.99  66.067566  66.275629 28.773
 39     3.770 53583.67808145 45.51  66.091623  66.259769 25.874
 39     3.731 53583.67808209 40.05  66.088373  66.262849 25.874
 39     3.657 53583.67808274 31.95  66.085113  66.265939 25.874
 39     3.317 53583.67808338 31.40  66.081863  66.269019 25.874
 39     3.282 53583.67808403 28.74  66.078603  66.272099 25.874
 39     3.338 53583.67808467 30.45  66.075343  66.275189 25.874
 39     3.767 53583.67808531 38.85  66.072083  66.278269 25.874
 40     2.963 53618.67803746 34.48  66.099966  66.259107 24.163
 40     3.187 53618.67803811 31.49  66.096716  66.262197 24.163
 40     3.295 53618.67803875 30.94  66.093466  66.265277 24.163
 40     2.797 53618.67803940 31.16  66.090206  66.268357 24.163
 40     2.144 53618.67804004 31.34  66.086956  66.271447 24.163
 40     1.950 53618.67804068 29.28  66.083696  66.274527 24.163
 40     2.136 53618.67804133 27.46  66.080436  66.277607 24.163
 40     2.232 53618.67804197 27.70  66.077186  66.280697 24.163
 41     3.402 53653.67805966 34.40  66.085466  66.252809 25.037
 41     3.580 53653.67806031 32.37  66.082206  66.255889 25.037
 41     3.512 53653.67806095 31.31  66.078956  66.258969 25.037
 41     2.826 53653.67806160 30.03  66.075696  66.262059 25.037
 41     2.408 53653.67806224 30.43  66.072436  66.265139 25.037
 41     2.715 53653.67806289 28.43  66.069186  66.268219 25.037
 41     2.015 53653.67806353 28.63  66.065926  66.271309 25.037
 41     1.374 53653.67806418 27.96  66.062666  66.274389 25.037
 42    -4.767 53688.67805785 23.36  66.089921  66.253843  9.407
 42    -4.278 53688.67805849 24.16  66.086661  66.256923  9.407
 42    -3.759 53688.67805914 25.02  66.083411  66.260013  9.407
 42    -3.454 53688.67805978 27.45  66.080151  66.263093  9.407
 42    -3.419 53688.67806043 31.74  66.076901  66.266173  9.407
 42    -3.433 53688.67806107 35.32  66.073641  66.269253  9.407
 42    -3.355 53688.67806172 35.33  66.070381  66.272343  9.407
 42    -3.331 53688.67806236 35.64  66.067131  66.275423  9.407
 43     2.830 53723.67798331 17.47  66.103926  66.259607  3.312
 43     2.961 53723.67798396 18.41  66.100676  66.262697  3.312
 43     0.855 53723.67798460 18.90  66.097426  66.265777  3.312
 43     0.759 53723.67798525 20.39  66.094166  66.268857  3.312
 43     2.034 53723.67798589 19.38  66.090916  66.271947  3.312
 43     2.262 53723.67798654 18.79  66.087656  66.275027  3.312
 43     2.708 53723.67798718 18.70  66.084396  66.278107  3.312
 43     3.279 53723.67798783 19.27  66.081146  66.281197  3.312
 44     3.668 53758.67792156 12.74  66.087528  66.253267  3.112
 44     3.329 53758.67792221 13.10  66.084268  66.256347  3.112
 44     2.765 53758.67792285 14.27  66.081018  66.259427  3.112
 44     1.375 53758.67792349 15.06  66.077758  66.262517  3.112
 44     1.887 53758.67792414 13.96  66.074498  66.265597  3.112
 44     2.591 53758.67792478 13.57  66.071238  66.268677  3.112
 44     3.057 53758.67792543 14.06  66.067978  66.271767  3.112
 44     3.434 53758.67792607 14.01  66.064718  66.274847  3.112
 45     3.415 53793.67794327 11.60  66.096440  66.258125  2.988
 45     2.939 53793.67794392 12.33  66.093190  66.261205  2.988
 45     1.521 53793.67794456 12.39  66.089930  66.264295  2.988
 45     1.440 53793.67794521 12.83  66.086680  66.267375  2.988
 45     1.703 53793.67794585 13.31  66.083420  66.270455  2.988
 45     2.382 53793.67794650 12.78  66.080170  66.273545  2.988
 45     2.712 53793.67794714 12.40  66.076910  66.276625  2.988
 45     3.510 53793.67794779 11.94  66.073650  66.279705  2.988
 46     4.101 53828.67791400  9.34  66.084680  66.249289  2.760
 46     3.967 53828.67791465  9.48  66.081430  66.252379  2.760
 46     3.658 53828.67791529 10.31  66.078170  66.255459  2.760
 46     3.565 53828.67791594  9.89  66.074910  66.258539  2.760
 46     3.221 53828.67791658 10.14  66.071660  66.261629  2.760
 46     2.984 53828.67791723 10.37  66.068400  66.264709  2.760
 46     2.485 53828.67791787 10.47  66.065140  66.267789  2.760
 46     1.721 53828.67791852 11.95  66.061880  66.270869  2.760
 46     3.128 53828.67791916 10.46  66.058620  66.273959  2.760
 47     5.803 53863.67799634  1.63  66.085054  66.249523  3.985
 47     5.413 53863.67799699  1.70  66.081804  66.252603  3.985
 47     4.681 53863.67799763  2.26  66.078544  66.255683  3.985
 47     4.469 53863.67799828  1.86  66.075294  66.258773  3.985
 47     4.074 53863.67799892  2.50  66.072034  66.261853  3.985
 47     3.569 53863.67799957  2.27  66.068774  66.264933  3.985
 47     4.338 53863.67800021  2.28  66.065514  66.268013  3.985
 47     5.100 53863.67800085  2.16  66.062264  66.271103  3.985
 47     5.649 53863.67800150  1.88  66.059004  66.274183  3.985
 48     5.965 53898.67802112 24.15  66.088253  66.253476 34.862
 48    -1.464 53898.67802176 26.60  66.084993  66.256556 34.862
 48    -0.944 53898.67802241 20.91  66.081743  66.259646 34.862
 48     5.224 53898.67802305 15.70  66.078483  66.262726 34.862
 48     4.498 53898.67802369 16.06  66.075223  66.265806 34.862
 48     5.236 53898.67802434 16.41  66.071973  66.268886 34.862
 48     5.518 53898.67802498 16.56  66.068713  66.271976 34.862
 48     5.888 53898.67802563 19.11  66.065453  66.275056 34.862
 49     5.147 53933.67806599 23.73  66.086237  66.249959 23.664
 49     4.606 53933.67806664 21.93  66.082987  66.253039 23.664
 49     4.348 53933.67806728 20.32  66.079727  66.256119 23.664
 49     2.532 53933.67806793 24.76  66.076477  66.259209 23.664
 49     3.049 53933.67806857 22.43  66.073217  66.262289 23.664
 49     3.422 53933.67806922 21.92  66.069967  66.265369 23.664
 49     4.328 53933.67806986 20.21  66.066707  66.268449 23.664
 49     4.801 53933.67807051 17.97  66.063447  66.271539 23.664
 49     5.180 53933.67807115 21.91  66.060187  66.274619 23.664
 50     3.256 53968.67803833 50.61  66.090649  66.254577 31.524
 50     3.260 53968.67803898 51.57  66.087389  66.257657 31.524
 50     3.337 53968.67803962 37.15  66.084139  66.260737 31.524
 50     3.317 53968.67804027 48.07  66.080879  66.263827 31.524
 50     3.246 53968.67804091 41.50  66.077629  66.266907 31.524
 50     3.182 53968.67804156 41.59  66.074369  66.269987 31.524
 50     3.200 53968.67804220 44.08  66.071119  66.273077 31.524
 50     3.323 53968.67804285 45.77  66.067859  66.276157 31.524
 51     3.570 54003.67800839 38.23  66.081182  66.249441 23.036
 51     3.494 54003.67800904 38.49  66.077932  66.252521 23.036
 51     3.550 54003.67800968 37.14  66.074672  66.255601 23.036
 51     3.684 54003.67801033 34.76  66.071412  66.258681 23.036
 51     2.834 54003.67801097 34.28  66.068162  66.261771 23.036
 51     2.049 54003.67801162 34.32  66.064902  66.264851 23.036
 51     1.374 54003.67801226 31.63  66.061642  66.267931 23.036
 51     1.586 54003.67801290 29.68  66.058382  66.271021 23.036
 51     0.670 54003.67801355 29.21  66.055122  66.274101 23.036
 52     0.621 54038.67804341 16.77  66.087790  66.254388  4.958
 52     1.162 54038.67804406 17.77  66.084530  66.257468  4.958
 52     1.656 54038.67804470 18.30  66.081280  66.260548  4.958
 52     1.775 54038.67804535 20.31  66.078020  66.263638  4.958
 52     1.798 54038.67804599 20.41  66.074760  66.266718  4.958
 52     1.586 54038.67804664 22.44  66.071510  66.269798  4.958
 52     1.557 54038.67804728 21.12  66.068250  66.272888  4.958
 52     1.494 54038.67804793 20.37  66.064990  66.275968  4.958
 53     4.286 54073.67803825 10.09  66.091644  66.257381  2.398
 53     3.946 54073.67803890 10.11  66.088394  66.260461  2.398
 53     3.012 54073.67803954 11.38  66.085134  66.263551  2.398
 53     2.696 54073.67804019 11.83  66.081884  66.266631  2.398
 53     2.945 54073.67804083 11.46  66.078624  66.269711  2.398
 53     4.089 54073.67804148 10.99  66.075364  66.272801  2.398
 53     4.465 54073.67804212 10.75  66.072114  66.275881  2.398
 53     5.391 54073.67804277 10.70  66.068854  66.278961  2.398
 54     5.423 54108.67798510 11.12  66.102811  66.259165  2.674
 54     4.707 54108.67798575 11.95  66.099561  66.262255  2.674
 54     3.167 54108.67798639 12.71  66.096311  66.265335  2.674
 54     3.491 54108.67798704 13.17  66.093051  66.268415  2.674
 54     3.218 54108.67798768 12.99  66.089801  66.271505  2.674
 54     3.638 54108.67798833 12.71  66.086541  66.274585  2.674
 54     4.070 54108.67798897 11.96  66.083291  66.277665  2.674
 54     4.842 54108.67798962 11.44  66.080031  66.280755  2.674
 55     5.914 54143.67797387  8.77  66.087435  66.250043  2.134
 55     5.342 54143.67797452  8.85  66.084185  66.253123  2.134
 55     4.434 54143.67797516  9.45  66.080925  66.256203  2.134
 55     3.789 54143.67797581  9.98  66.077675  66.259283  2.134
 55     3.466 54143.67797645 10.59  66.074415  66.262373  2.134
 55     3.281 54143.67797710 10.61  66.071155  66.265453  2.134
 55     3.714 54143.67797774 10.69  66.067895  66.268533  2.134
 55     4.742 54143.67797839  9.49  66.064645  66.271623  2.134
 55     5.481 54143.67797903  9.51  66.061385  66.274703  2.134
 56     4.661 54178.67796949  9.64  66.094769  66.261007  2.238
 56     4.023 54178.67797014  9.34  66.091519  66.264097  2.238
 56     3.651 54178.67797078 10.30  66.088259  66.267177  2.238
 56     3.317 54178.67797143 10.07  66.085009  66.270257  2.238
 56     3.547 54178.67797207 10.42  66.081749  66.273347  2.238
 56     4.219 54178.67797272 10.22  66.078489  66.276427  2.238
 56     5.000 54178.67797336 10.05  66.075229  66.279507  2.238
 57     2.440 54213.67798190 14.17  66.085934  66.252171 17.820
 57     1.861 54213.67798254 15.26  66.082674  66.255251 17.820
 57     1.375 54213.67798319 15.99  66.079424  66.258341 17.820
 57     1.696 54213.67798383 19.23  66.076164  66.261421 17.820
 57     2.082 54213.67798448 21.18  66.072904  66.264501 17.820
 57     3.074 54213.67798512 22.63  66.069654  66.267581 17.820
 57     3.926 54213.67798577 23.66  66.066394  66.270671 17.820
 57     1.783 54213.67798641 30.86  66.063134  66.273751 17.820
 57     5.037 54213.67798706 27.33  66.059874  66.276831 17.820
 58     6.114 54248.67801046 23.48  66.087474  66.253775 25.376
 58     5.604 54248.67801111 21.91  66.084214  66.256855 25.376
 58     5.346 54248.67801175 16.94  66.080964  66.259945 25.376
 58     5.161 54248.67801240 18.67  66.077704  66.263025 25.376
 58     5.122 54248.67801304 19.40  66.074444  66.266105 25.376
 58     5.804 54248.67801369 18.61  66.071194  66.269185 25.376
 58     6.068 54248.67801433 20.46  66.067934  66.272275 25.376
 58     6.152 54248.67801498 23.06  66.064674  66.275355 25.376
 59     6.231 54283.67801912 28.67  66.090476  66.256507 31.344
 59     6.091 54283.67801976 29.42  66.087226  66.259597 31.344
 59     6.434 54283.67802041 43.95  66.083966  66.262677 31.344
 59     6.527 54283.67802105 44.19  66.080716  66.265757 31.344
 59     6.266 54283.67802170 33.45  66.077459  66.268839 36.123
 59     6.499 54283.67802234 37.63  66.074199  66.271929 36.123
 59     6.523 54283.67802299 31.98  66.070939  66.275009 36.123
 59     6.411 54283.67802363 40.36  66.067679  66.278089 36.123
 60     5.891 54318.67801705 26.92  66.090890  66.258112 28.873
 60     5.349 54318.67801769 24.45  66.087640  66.261202 28.873
 60     5.038 54318.67801834 21.03  66.084380  66.264282 28.873
 60     4.400 54318.67801898 21.28  66.081130  66.267362 28.873
 60     4.839 54318.67801962 21.66  66.077870  66.270442 28.873
 60     5.748 54318.67802027 20.99  66.074610  66.273532 28.873
 60     6.291 54318.67802091 22.74  66.071350  66.276612 28.873
 61     6.028 54353.67798124 29.50  66.098144  66.258727 29.874
 61     1.661 54353.67798188 28.18  66.094894  66.261807 29.874
 61     2.620 54353.67798252 27.20  66.091644  66.264897 29.874
 61     3.846 54353.67798317 25.40  66.088384  66.267977 29.874
 61     4.827 54353.67798381 24.08  66.085124  66.271057 29.874
 61     5.131 54353.67798446 22.82  66.081874  66.274147 29.874
 61     5.495 54353.67798510 22.85  66.078614  66.277227 29.874
 61     5.675 54353.67798575 32.66  66.075354  66.280307 29.874
 62     2.800 54388.67795630 31.97  66.090708  66.253889 25.260
 62     4.270 54388.67795694 23.64  66.087448  66.256969 25.260
 62     3.084 54388.67795759 24.58  66.084198  66.260059 25.260
 62     2.630 54388.67795823 25.15  66.080938  66.263139 25.260
 62     2.591 54388.67795888 23.82  66.077678  66.266219 25.260
 62     2.520 54388.67795952 22.38  66.074428  66.269299 25.260
 62     4.576 54388.67796016 20.15  66.071168  66.272389 25.260
 62     5.348 54388.67796081 20.21  66.067908  66.275469 25.260
 63     1.447 54423.67793152 26.77  66.091020  66.260673  8.353
 63     1.410 54423.67793217 29.48  66.087760  66.263753  8.353
 63     1.627 54423.67793281 35.67  66.084510  66.266833  8.353
 63     1.651 54423.67793346 35.92  66.081250  66.269923  8.353
 63     1.388 54423.67793410 33.23  66.078000  66.273003  8.353
 63     1.439 54423.67793475 31.18  66.074740  66.276083  8.353
 63     1.284 54423.67793539 28.31  66.071480  66.279163  8.353
 64     4.650 54458.67793050 14.61  66.086543  66.249685  2.773
 64     4.053 54458.67793114 14.84  66.083293  66.252765  2.773
 64     3.480 54458.67793179 15.39  66.080033  66.255845  2.773
 64     2.770 54458.67793243 16.22  66.076783  66.258925  2.773
 64     1.809 54458.67793307 16.25  66.073523  66.262015  2.773
 64     2.031 54458.67793372 15.92  66.070263  66.265095  2.773
 64     2.146 54458.67793436 16.12  66.067003  66.268175  2.773
 64     2.948 54458.67793501 15.93  66.063743  66.271265  2.773
 64     4.085 54458.67793565 15.20  66.060493  66.274345  2.773
 65     3.919 54493.67793487 13.36  66.095165  66.257816  2.608
 65     3.003 54493.67793551 13.64  66.091915  66.260906  2.608
 65     2.562 54493.67793616 13.70  66.088655  66.263986  2.608
 65     2.182 54493.67793680 14.29  66.085405  66.267066  2.608
 65     2.204 54493.67793745 14.59  66.082145  66.270146  2.608
 65     2.412 54493.67793809 13.96  66.078895  66.273236  2.608
 65     3.305 54493.67793874 14.46  66.075635  66.276316  2.608
 65     3.968 54493.67793938 13.85  66.072375  66.279396  2.608
 66     4.071 54528.67794374 12.10  66.088779  66.252787  2.449
 66     3.711 54528.67794438 12.65  66.085519  66.255867  2.449
 66     3.160 54528.67794503 13.13  66.082269  66.258947  2.449
 66     2.746 54528.67794567 13.00  66.079009  66.262027  2.449
 66     2.462 54528.67794632 13.58  66.075759  66.265117  2.449
 66     2.591 54528.67794696 13.01  66.072499  66.268197  2.449
 66     2.515 54528.67794761 13.56  66.069239  66.271277  2.449
 66     3.399 54528.67794825 12.61  66.065979  66.274367  2.449
 66     4.072 54528.67794890 12.77  66.062719  66.277447  2.449
 67     4.830 54563.67794224  7.84  66.098475  66.258292  2.314
 67     3.941 54563.67794288  8.11  66.095225  66.261372  2.314
 67     3.320 54563.67794352  8.30  66.091965  66.264462  2.314
 67     2.791 54563.67794417  9.41  66.088715  66.267542  2.314
 67     2.755 54563.67794481  8.46  66.085455  66.270622  2.314
 67     2.493 54563.67794546  9.91  66.082195  66.273712  2.314
 67     3.433 54563.67794610  8.68  66.078945  66.276792  2.314
 67     4.262 54563.67794675  8.90  66.075685  66.279872  2.314
 68     2.136 54598.67793976 18.39  66.089728  66.254373  9.650
 68     2.462 54598.67794040 20.67  66.086478  66.257453  9.650
 68     2.741 54598.67794105 27.60  66.083218  66.260533  9.650
 68     2.789 54598.67794169 29.22  66.079958  66.263613  9.650
 68     2.631 54598.67794234 25.87  66.076708  66.266703  9.650
 68     2.363 54598.67794298 21.57  66.073448  66.269783  9.650
 68     2.628 54598.67794363 19.35  66.070188  66.272863  9.650
 68     3.009 54598.67794427 19.05  66.066928  66.275953  9.650
 69     5.935 54633.67795256 28.01  66.088950  66.254541 23.419
 69     5.467 54633.67795320 28.58  66.085700  66.257621 23.419
 69     5.088 54633.67795384 29.92  66.082440  66.260701 23.419
 69     5.174 54633.67795449 31.66  66.079180  66.263781 23.419
 69     5.441 54633.67795513 32.77  66.075930  66.266871 23.419
 69     5.696 54633.67795578 34.02  66.072670  66.269951 23.419
 69     5.789 54633.67795642 36.25  66.069410  66.273031 23.419
 69     6.003 54633.67795707 35.42  66.066150  66.276121 23.419
 70     5.213 54668.67795806 24.16  66.089175  66.256723 32.331
 70     4.220 54668.67795871 23.52  66.085915  66.259803 32.331
 70     4.107 54668.67795935 20.76  66.082665  66.262893 32.331
 70     3.805 54668.67796000 20.38  66.079405  66.265973 32.331
 70     4.253 54668.67796064 18.27  66.076145  66.269053 32.331
 70     4.839 54668.67796129 17.29  66.072895  66.272133 32.331
 70     5.297 54668.67796193 18.61  66.069635  66.275223 32.331
 70     5.381 54668.67796258 29.40  66.066375  66.278303 32.331
 71     2.805 54703.67792303 42.15  66.096794  66.259322 24.448
 71     2.739 54703.67792368 40.62  66.093534  66.262402 24.448
 71     2.965 54703.67792432 33.87  66.090284  66.265492 24.448
 71     3.012 54703.67792497 30.18  66.087024  66.268572 24.448
 71     2.451 54703.67792561 29.09  66.083774  66.271652 24.448
 71     2.025 54703.67792626 30.14  66.080514  66.274742 24.448
 71     2.446 54703.67792690 28.53  66.077254  66.277822 24.448
 71     2.730 54703.67792754 27.45  66.073994  66.280902 24.448
 72     3.409 54738.67791869 32.28  66.088115  66.249732 24.295
 72     3.450 54738.67791934 34.15  66.084865  66.252812 24.295
 72     3.569 54738.67791998 31.82  66.081605  66.255902 24.295
 72     3.448 54738.67792063 31.58  66.078355  66.258982 24.295
 72     2.978 54738.67792127 31.34  66.075095  66.262062 24.295
 72     2.476 54738.67792192 31.01  66.071835  66.265152 24.295
 72     2.496 54738.67792256 29.02  66.068585  66.268232 24.295
 72     2.132 54738.67792320 29.59  66.065325  66.271312 24.295
 72     2.683 54738.67792385 27.27  66.062065  66.274402 24.295
 73     2.593 54773.67790422 28.74  66.092350  66.260287 14.866
 73     2.095 54773.67790486 33.61  66.089100  66.263377 14.866
 73     2.207 54773.67790551 47.45  66.085840  66.266457 14.866
 73     2.047 54773.67790615 47.47  66.082590  66.269537 14.866
 73     2.114 54773.67790680 47.13  66.079330  66.272617 14.866
 73     2.172 54773.67790744 41.61  66.076080  66.275707 14.866
 73     2.077 54773.67790809 44.81  66.072820  66.278787 14.866
 74     3.611 54808.67791268 18.16  66.082506  66.251547  4.050
 74     3.211 54808.67791332 18.29  66.079246  66.254627  4.050
 74     2.960 54808.67791397 18.64  66.075996  66.257707  4.050
 74     2.244 54808.67791461 19.42  66.072736  66.260787  4.050
 74     1.713 54808.67791526 20.05  66.069476  66.263877  4.050
 74     1.672 54808.67791590 19.20  66.066226  66.266957  4.050
 74     1.433 54808.67791655 19.90  66.062966  66.270037  4.050
 74     1.360 54808.67791719 18.86  66.059706  66.273127  4.050
 75     3.907 54843.67790160 11.68  66.092827  66.257536  2.451
 75     3.593 54843.67790224 12.23  66.089567  66.260616  2.451
 75     3.101 54843.67790289 12.17  66.086317  66.263696  2.451
 75     2.794 54843.67790353 13.17  66.083057  66.266786  2.451
 75     2.470 54843.67790418 13.03  66.079807  66.269866  2.451
 75     2.580 54843.67790482 13.31  66.076547  66.272946  2.451
 75     3.151 54843.67790547 12.32  66.073287  66.276036  2.451
 75     3.913 54843.67790611 12.08  66.070027  66.279116  2.451
 76     4.214 54878.67791560  9.66  66.087686  66.252634  2.288
 76     4.012 54878.67791624  9.92  66.084436  66.255714  2.288
 76     3.732 54878.67791689  9.88  66.081176  66.258794  2.288
 76     3.277 54878.67791753 10.45  66.077926  66.261874  2.288
 76     3.048 54878.67791818 10.17  66.074666  66.264964  2.288
 76     2.522 54878.67791882 10.76  66.071406  66.268044  2.288
 76     2.573 54878.67791947 10.40  66.068146  66.271124  2.288
 76     2.913 54878.67792011 10.70  66.064896  66.274214  2.288
 76     4.931 54878.67792076  9.71  66.061636  66.277294  2.288
 77     4.547 54913.67790581  9.25  66.096069  66.258475  2.232
 77     4.223 54913.67790646  9.33  66.092819  66.261555  2.232
 77     3.647 54913.67790710  9.76  66.089559  66.264635  2.232
 77     3.175 54913.67790775 10.24  66.086309  66.267725  2.232
 77     2.878 54913.67790839 10.35  66.083049  66.270805  2.232
 77     2.533 54913.67790904 10.35  66.079789  66.273885  2.232
 77     3.624 54913.67790968 10.04  66.076539  66.276975  2.232
 77     4.383 54913.67791033 10.09  66.073279  66.280055  2.232
 78     4.806 54948.67790796  5.20  66.088195  66.251530  2.173
 78     4.157 54948.67790861  5.27  66.084935  66.254610  2.173
 78     3.789 54948.67790925  5.54  66.081685  66.257700  2.173
 78     3.303 54948.67790990  5.52  66.078425  66.260780  2.173
 78     3.392 54948.67791054  6.19  66.075165  66.263860  2.173
 78     3.593 54948.67791119  6.98  66.071915  66.266950  2.173
 78     4.257 54948.67791183  6.37  66.068655  66.270030  2.173
 78     4.979 54948.67791248  6.19  66.065393  66.273109  1.920
 78     5.320 54948.67791312  5.86  66.062133  66.276199  1.920
 79     6.416 54983.67793353 35.30  66.088905  66.253671 27.419
 79     6.407 54983.67793417 35.52  66.085655  66.256751 27.419
 79     6.355 54983.67793481 32.85  66.082395  66.259831 27.419
 79     6.226 54983.67793546 31.10  66.079135  66.262911 27.419
 79     5.895 54983.67793610 30.05  66.075885  66.266001 27.419
 79     5.800 54983.67793675 29.19  66.072625  66.269081 27.419
 79     5.866 54983.67793739 28.46  66.069365  66.272171 27.419
 79     6.210 54983.67793804 28.05  66.066105  66.275251 27.419
 80     5.350 55018.67793110 24.66  66.089740  66.256971 26.006
 80     4.799 55018.67793175 21.77  66.086480  66.260051 26.006
 80     4.535 55018.67793239 19.93  66.083230  66.263131 26.006
 80     4.344 55018.67793304 19.30  66.079970  66.266221 26.006
 80     4.856 55018.67793368 18.60  66.076710  66.269301 26.006
 80     5.071 55018.67793433 18.43  66.073450  66.272381 26.006
 80     5.414 55018.67793497 19.45  66.070200  66.275471 26.006
 80     5.611 55018.67793561 26.25  66.066940  66.278551 26.006
 81     3.797 55053.67792717 34.25  66.091857  66.257803 26.774
 81     3.947 55053.67792782 37.11  66.088597  66.260883 26.774
 81     3.795 55053.67792846 36.12  66.085347  66.263963 26.774
 81     3.626 55053.67792911 32.14  66.082087  66.267053 26.774
 81     3.085 55053.67792975 28.06  66.078827  66.270133 26.774
 81     3.154 55053.67793040 26.78  66.075577  66.273223 26.774
 81     3.364 55053.67793104 26.31  66.072317  66.276303 26.774
 81     5.262 55053.67793169 23.43  66.069057  66.279383 26.774
 82     2.693 55088.67788864 35.78  66.097164  66.259050 24.469
 82     2.676 55088.67788929 35.41  66.093904  66.262130 24.469
 82     2.292 55088.67788993 42.62  66.090654  66.265220 24.469
 82     2.078 55088.67789058 45.05  66.087404  66.268300 24.469
 82     2.104 55088.67789122 43.00  66.084144  66.271380 24.469
 82     2.122 55088.67789187 45.17  66.080884  66.274470 24.469
 82     2.121 55088.67789251 48.13  66.077634  66.277550 24.469
 82     2.144 55088.67789316 44.83  66.074374  66.280630 24.469
 83     3.604 55123.67786270 29.46  66.088568  66.252802 21.450
 83     3.182 55123.67786335 27.73  66.085318  66.255882 21.450
 83     2.708 55123.67786399 26.92  66.082058  66.258962 21.450
 83     2.131 55123.67786464 26.21  66.078798  66.262042 21.450
 83     1.663 55123.67786528 28.19  66.075548  66.265132 21.450
 83     2.851 55123.67786593 25.43  66.072288  66.268212 21.450
 83     4.042 55123.67786657 22.71  66.069028  66.271292 21.450
 83     5.128 55123.67786722 22.70  66.065768  66.274382 21.450
 83     5.343 55123.67786786 29.92  66.062508  66.277462 21.450
 84     3.453 55158.67784948 19.09  66.092477  66.258737  3.863
 84     1.050 55158.67785012 19.92  66.089217  66.261817  3.863
 84     1.303 55158.67785077 20.17  66.085967  66.264897  3.863
 84     1.284 55158.67785141 21.07  66.082707  66.267987  3.863
 84     1.366 55158.67785206 27.66  66.079457  66.271067  3.863
 84     1.267 55158.67785270 29.40  66.076197  66.274157  3.863
 84     1.040 55158.67785334 21.19  66.072937  66.277237  3.863
 85     4.430 55193.67785234 11.14  66.084866  66.249961  2.729
 85     3.618 55193.67785299 11.87  66.081616  66.253041  2.729
 85     3.524 55193.67785363 11.63  66.078356  66.256131  2.729
 85     2.434 55193.67785427 11.70  66.075106  66.259211  2.729
 85     1.733 55193.67785492 12.62  66.071846  66.262291  2.729
 85     1.766 55193.67785556 13.20  66.068586  66.265381  2.729
 85     1.546 55193.67785621 13.06  66.065326  66.268461  2.729
 85     2.055 55193.67785685 12.22  66.062076  66.271541  2.729
 85     3.547 55193.67785750 11.95  66.058816  66.274631  2.729
 86     2.818 55228.67785166  9.49  66.092598  66.260741  2.456
 86     2.222 55228.67785230 10.14  66.089338  66.263821  2.456
 86     1.695 55228.67785295 10.34  66.086088  66.266911  2.456
 86     1.725 55228.67785359 10.21  66.082828  66.269991  2.456
 86     2.080 55228.67785424  9.86  66.079568  66.273071  2.456
 86     2.668 55228.67785488 10.25  66.076318  66.276161  2.456
 86     2.963 55228.67785553 10.60  66.073058  66.279241  2.456
 87     4.311 55263.67784796  9.24  66.091175  66.253134  2.185
 87     3.676 55263.67784861  9.35  66.087925  66.256214  2.185
 87     3.100 55263.67784925  9.60  66.084665  66.259294  2.185
 87     2.518 55263.67784990  9.66  66.081415  66.262374  2.185
 87     2.461 55263.67785054  9.98  66.078155  66.265464  2.185
 87     2.644 55263.67785119  9.94  66.074895  66.268544  2.185
 87     2.718 55263.67785183  9.77  66.071645  66.271624  2.185
 87     3.111 55263.67785248 10.02  66.068385  66.274714  2.185
 87     1.233 55263.67785312 10.10  66.065125  66.277794  2.185
 88     4.491 55298.67783467 11.29  66.097596  66.258483  2.087
 88     4.180 55298.67783532 11.29  66.094346  66.261563  2.087
 88     3.353 55298.67783596 11.78  66.091086  66.264653  2.087
 88     3.512 55298.67783661 11.83  66.087836  66.267733  2.087
 88     2.982 55298.67783725 12.21  66.084576  66.270813  2.087
 88     3.530 55298.67783790 11.46  66.081316  66.273903  2.087
 88     4.831 55298.67783854 11.53  66.078066  66.276983  2.087
 88     5.036 55298.67783919 11.93  66.074806  66.280063  2.087
 89     5.332 55333.67782719 48.75  66.089179  66.257606 36.794
 89     4.886 55333.67782783 24.05  66.085919  66.260686 36.794
 89     4.615 55333.67782847 23.95  66.082669  66.263776 36.794
 89     4.485 55333.67782912 20.83  66.079409  66.266856 36.794
 89     5.086 55333.67782976 19.68  66.076149  66.269936 36.794
 89     5.231 55333.67783041 21.19  66.072889  66.273026 36.794
 89     5.336 55333.67783105 39.72  66.069639  66.276106 36.794
 90     4.980 55368.67781836 22.87  66.092309  66.257080 29.234
 90     4.430 55368.67781901 19.21  66.089049  66.260160 29.234
 90     4.478 55368.67781965 15.47  66.085799  66.263240 29.234
 90     4.556 55368.67782030 14.29  66.082539  66.266330 29.234
 90     4.766 55368.67782094 13.92  66.079289  66.269410 29.234
 90     4.939 55368.67782159 14.96  66.076029  66.272490 29.234
 90     5.380 55368.67782223 17.91  66.072769  66.275580 29.234
 90     5.611 55368.67782288 24.58  66.069509  66.278660 29.234
 91     4.690 55403.67783350 29.06  66.088243  66.250494 28.207
 91     4.517 55403.67783414 25.49  66.084993  66.253584 28.207
 91     3.916 55403.67783479 25.38  66.081733  66.256664 28.207
 91     2.088 55403.67783543 26.50  66.078483  66.259744 28.207
 91     2.852 55403.67783607 29.04  66.075223  66.262824 28.207
 91     3.346 55403.67783672 27.38  66.071963  66.265914 28.207
 91     4.079 55403.67783736 26.36  66.068713  66.268994 28.207
 91     4.372 55403.67783801 27.03  66.065453  66.272074 28.207
 91     4.625 55403.67783865 26.19  66.062193  66.275164 28.207
 92     3.133 55438.67783686 35.49  66.092935  66.258649 25.055
 92     3.153 55438.67783750 33.18  66.089675  66.261729 25.055
 92     3.333 55438.67783815 27.16  66.086425  66.264819 25.055
 92     3.302 55438.67783879 25.83  66.083165  66.267899 25.055
 92     2.809 55438.67783944 25.45  66.079905  66.270979 25.055
 92     2.859 55438.67784008 23.46  66.076655  66.274059 25.055
 92     3.029 55438.67784073 23.65  66.073395  66.277149 25.055
 93     2.793 55473.67778445 37.12  66.097755  66.261116 23.608
 93     3.334 55473.67778509 35.14  66.094495  66.264196 23.608
 93     3.066 55473.67778574 32.08  66.091245  66.267286 23.608
 93     2.468 55473.67778638 31.54  66.087985  66.270366 23.608
 93     1.973 55473.67778703 30.12  66.084735  66.273446 23.608
 93     1.510 55473.67778767 31.18  66.081475  66.276536 23.608
 93     2.004 55473.67778832 29.29  66.078215  66.279616 23.608
