# NaN NaN NaN ;Mean Elev.(m), Avg Gradient(m/km), RMS Gradient(m/km) - SRTM1     
#   10.010   0.911   3.034 ;Mean Elev.(m), Avg Gradient(m/km), RMS Gradient(m/km) - ASTER GDEM
#   23.000  -0.352   1.895 ;Mean Elev.(m), Avg Gradient(m/km), RMS Gradient(m/km) - GMTED2010 
  8  68.468693  61.105887    24.913    24.943 17 52485.68290664 25.029
  9  68.490652  61.082273    24.155    24.139  6 52520.68286752 25.743
 10  68.448042  61.112904    24.496    24.502 18 52555.68292544 21.669
 11  68.464446  61.106588    18.536    18.542 19 52590.68291346 38.930
 12  68.499059  61.080883    20.420    20.418  6 52625.68283439 24.091
 14  68.450994  61.111184    19.269    19.551 18 52695.68285925 12.383
 15  68.484384  61.089093    24.186    24.516  9 52730.68288340 10.007
 16  68.474107  61.101860    22.098    22.326 12 52765.68289616 38.446
 17  68.452480  61.110756    23.992    24.005 18 52800.68289299 32.107
 18  68.458470  61.108339    23.624    23.706 20 52835.68295973 25.902
 19  68.466334  61.106128    18.330    18.346 19 52870.68300023 41.426
 20  68.469334  61.106834    16.682    16.698 14 52905.68299981 40.734
 21  68.450482  61.111416    17.785    16.042 18 52940.68293295 24.216
 22  68.455935  61.108899    16.226    16.210 18 52975.68297933 23.815
 23  68.463276  61.106731    17.425    16.824 20 53010.68298259 16.277
 24  68.451333  61.111150    17.356    17.348 18 53045.68294692 14.656
 25  68.461889  61.107624    20.469    20.843 20 53080.68298006 10.522
 26  68.445012  61.114938    23.788    23.683 17 53115.68295245  6.316
 27  68.455976  61.109793    22.831    22.789 19 53150.68299860 39.870
 28  68.481589  61.091713    23.815    23.825 12 53185.68298341 31.313
 29  68.469204  61.106633    19.971    19.438 14 53220.68301241 26.230
 30  68.484334  61.088551    21.801    22.787 10 53255.68298535 18.474
 32  68.483524  61.089761    19.357    19.358 10 53325.68297165 33.840
 33  68.496809  61.079941    12.388    12.347  6 53360.68292831 17.848
 34  68.452641  61.111129    17.519    17.520 18 53395.68295440 19.058
 35  68.493884  61.082260    20.130    20.220  6 53430.68294045 12.831
 36  68.452873  61.110816    21.521    21.577 18 53465.68297591 10.162
 37  68.456067  61.109558    22.654    22.641 18 53500.68303539 47.240
 38  68.469267  61.106703    23.707    23.711 15 53535.68302311 25.874
 39  68.461784  61.107555    21.538    21.290 19 53570.68303296 32.260
 40  68.497405  61.079489    22.121    22.622  6 53605.68297447 21.640
 41  68.448574  61.112378    22.105    22.944 17 53640.68298152 18.038
 42  68.457649  61.108596    21.095    20.773 18 53675.68300013 18.682
 43  68.499142  61.079937    17.519    17.769  6 53710.68292359 20.811
 44  68.449353  61.112576    17.555    17.385 18 53745.68284075 15.472
 45  68.468476  61.108556    19.385    19.095 13 53780.68287083  8.511
 46  68.504387  61.078393    23.650    23.517  6 53815.68283353  6.160
 47  68.448854  61.112098    22.953    23.791 17 53850.68290761 15.089
 48  68.484492  61.088475    23.431    23.934 10 53885.68291222 23.909
 49  68.451948  61.111305    24.173    24.011 18 53920.68298635 20.919
 50  68.457541  61.108176    23.049    23.631 19 53955.68298353 19.382
 51  68.504015  61.077877    18.947    17.824  6 53990.68289550 31.989
 52  68.455042  61.109518    17.687    17.279 18 54025.68296796 25.834
 53  68.486294  61.086614    19.800    19.825  9 54060.68295597 39.022
 55  68.451277  61.111405    21.707    21.951 18 54130.68288208 12.436
 56  68.469051  61.106699    22.522    22.575 14 54165.68290634 11.891
 57  68.455584  61.109081    22.182    23.517 19 54200.68288443 21.151
 58  68.462657  61.107613    23.938    23.985 19 54235.68292150 24.608
 59  68.469389  61.104102    25.181    25.164 18 54270.68294117 38.489
 60  68.466764  61.104652    25.100    25.108 19 54305.68294400 25.850
 61  68.488269  61.085112    23.741    24.223  8 54340.68292207 26.622
 63  68.468049  61.104707    19.440    19.734 19 54410.68287262 26.954
 64  68.451520  61.111893    19.970    20.273 18 54445.68284375 20.042
 65  68.468321  61.104818    20.687    20.420 19 54480.68286386 15.468
 66  68.455024  61.109394    20.804    21.153 19 54515.68285745 15.541
 67  68.485591  61.087659    23.589    23.631 10 54550.68287335 12.918
 68  68.463186  61.107378    20.320    19.640 20 54585.68285274 30.354
 69  68.464515  61.107457    23.683    23.664 19 54620.68287184 26.075
 70  68.464111  61.107362    23.421    23.473 19 54655.68288217 30.945
 71  68.469019  61.106781    21.491    21.564 14 54690.68286753 20.167
 72  68.456185  61.108859    21.222    21.042 18 54725.68283349 20.117
 73  68.467979  61.104011    17.851    17.863 19 54760.68284353 40.648
 74  68.448419  61.112928    17.469    17.462 18 54795.68282757 34.633
 75  68.467085  61.104510    18.879    18.876 19 54830.68284391 18.725
 76  68.455334  61.109702    17.587    17.582 19 54865.68282183 16.960
 77  68.470598  61.103859    17.440    16.970 17 54900.68284257 13.145
 78  68.460937  61.106617    18.264    16.886 19 54935.68281257 19.003
 79  68.464458  61.106615    23.006    22.851 20 54970.68284525 25.790
 80  68.463859  61.106627    23.113    22.956 19 55005.68286469 22.560
 81  68.468269  61.104364    21.766    21.408 19 55040.68285208 22.336
 82  68.482819  61.090291    19.655    18.747 11 55075.68283108 28.133
 83  68.459025  61.107130    22.703    23.560 19 55110.68278531 17.142
 84  68.465501  61.106728    17.376    17.398 19 55145.68278759 40.214
 85  68.451877  61.110548    18.329    18.343 18 55180.68276317 25.303
 86  68.470472  61.103047    18.386    18.247 18 55215.68278139 11.909
 87  68.459409  61.107975    17.546    17.575 20 55250.68275927 10.180
 88  68.480333  61.092863    21.887    22.101 13 55285.68277304  9.172
 89  68.465465  61.105842    21.995    22.173 19 55320.68274937 28.639
 90  68.467934  61.104876    23.231    23.147 19 55355.68274956 24.921
 91  68.455987  61.109746    23.301    23.330 19 55390.68275109 23.500
 92  68.467468  61.105026    20.505    20.865 19 55425.68276653 23.781
 93  68.491509  61.082664    18.794    17.886  6 55460.68272980 29.559
