# NaN NaN NaN ;Mean Elev.(m), Avg Gradient(m/km), RMS Gradient(m/km) - SRTM1     
#   14.534   0.043  12.127 ;Mean Elev.(m), Avg Gradient(m/km), RMS Gradient(m/km) - ASTER GDEM
#    2.000  -0.649   8.350 ;Mean Elev.(m), Avg Gradient(m/km), RMS Gradient(m/km) - GMTED2010 
  7  65.554116  65.370295     8.551     8.499  4 52466.68178870 22.927
  8  65.559370  65.371091     8.996     9.026  4 52501.68178124 35.264
  9  65.538005  65.367603     7.473     7.501  4 52536.68176731 50.061
 10  65.551372  65.368558     5.075     5.028  4 52571.68180303 26.182
 11  65.563337  65.370235     4.399     4.522  5 52606.68176481 29.695
 12  65.544299  65.369552     6.050     5.885  4 52641.68176070 16.842
 13  65.562516  65.371359     5.190     5.284  5 52676.68174850 17.002
 14  65.546386  65.368049     5.530     5.661  4 52711.68177703 13.101
 15  65.553264  65.370265     7.716     7.574  4 52746.68180433  5.820
 16  65.540239  65.367348     9.326     9.319  4 52781.68174292 49.413
 17  65.539839  65.367464     7.833     7.646  5 52816.68182294 27.308
 19  65.552181  65.367789     3.883     3.813  4 52886.68190798 27.431
 20  65.563902  65.370173     4.733     4.626  5 52921.68186339 30.682
 21  65.550847  65.368124     3.742     2.889  4 52956.68182834 23.376
 22  65.556026  65.370228     6.232     6.391  4 52991.68184754 18.059
 23  65.569860  65.372468     6.818     6.913  5 53026.68181364 12.939
 24  65.558681  65.369920     6.506     6.608  4 53061.68182283 12.143
 25  65.559007  65.370373     7.417     7.214  5 53096.68184879 11.184
 26  65.556925  65.369703     7.689     7.527  4 53131.68182182  4.719
 28  65.553150  65.368863     7.625     7.649  4 53201.68189859 40.593
 29  65.568365  65.371253     5.969     5.868  6 53236.68186781 25.428
 30  65.541515  65.367007     4.849     3.848  4 53271.68182593 24.726
 31  65.543464  65.368439     3.798     3.918  5 53306.68189027 47.200
 32  65.558650  65.371636     4.103     3.990  5 53341.68185784 23.914
 33  65.568962  65.372113     4.659     5.221  5 53376.68179017 16.468
 34  65.557689  65.369519     5.468     5.627  4 53411.68183269 16.157
 35  65.538869  65.366625     5.838     5.978  5 53446.68181589 14.344
 36  65.542813  65.367969     8.108     8.160  5 53481.68190146  7.427
 37  65.557350  65.369919     8.726     8.795  4 53516.68190439 47.443
 38  65.552428  65.368841     7.981     7.969  4 53551.68192470 45.108
 39  65.562506  65.371993     7.217     7.292  5 53586.68188016 14.593
 40  65.534441  65.367310     6.085     5.981  4 53621.68184407 26.738
 41  65.547991  65.367444     5.141     4.336  4 53656.68187183 19.640
 42  65.557428  65.370334     3.918     3.841  5 53691.68185921 35.874
 43  65.571028  65.372614     3.043     3.100  6 53726.68178293 26.815
 44  65.552417  65.368322     4.926     4.968  4 53761.68173444 15.829
 45  65.567067  65.371026     6.354     6.202  6 53796.68174801 14.782
 47  65.545629  65.369686     3.282     2.648  4 53866.68180636 10.182
 48  65.551760  65.370748     7.864     7.869  4 53901.68183570 24.843
 49  65.545956  65.367639     7.168     7.058  4 53936.68187437 29.506
 50  65.557135  65.371178     5.219     5.177  5 53971.68184029 47.579
 51  65.544786  65.367432     5.380     4.618  4 54006.68182278 21.844
 53  65.560319  65.371058     5.944     5.627  5 54076.68184373 17.101
 54  65.568874  65.372826     7.356     7.010  5 54111.68178468 13.449
 55  65.549334  65.368704     7.283     7.185  4 54146.68178535 12.126
 56  65.568595  65.370452     7.618     7.676  6 54181.68177144 12.294
 57  65.548358  65.368728     4.381     4.286  3 54216.68179373 31.196
 58  65.552683  65.368995     8.155     8.198  4 54251.68181998 25.640
 59  65.559054  65.370171     8.509     8.453  4 54286.68182543 21.673
 60  65.556851  65.370543     8.401     8.281  5 54321.68182260 26.480
 61  65.567501  65.372300     7.457     7.101  6 54356.68178254 24.603
 62  65.555874  65.369092     7.126     7.064  4 54391.68176292 17.478
 63  65.560228  65.371780     2.747     2.813  5 54426.68173262 27.884
 64  65.551039  65.368265     6.883     6.854  4 54461.68174014 15.056
 65  65.561484  65.371311     7.040     6.710  5 54496.68173982 15.149
 66  65.554627  65.368538     6.466     6.333  4 54531.68175317 12.619
 67  65.568326  65.370764     7.187     7.166  6 54566.68174503  9.197
 68  65.553385  65.369104     5.802     5.725  4 54601.68174885 29.243
 69  65.555892  65.369023     7.448     7.578  4 54636.68176027 26.722
 70  65.556707  65.370377     7.993     7.980  5 54671.68176419 43.901
 71  65.564595  65.370802     5.714     5.791  6 54706.68172442 28.829
 72  65.552098  65.368814     3.771     3.834  4 54741.68172847 41.379
 73  65.561993  65.370669     4.515     4.530  5 54776.68170545 46.267
 74  65.545909  65.369736     3.781     3.769  4 54811.68172229 24.034
 75  65.560669  65.372073     5.838     6.001  5 54846.68170599 14.202
 76  65.552317  65.367935     5.585     5.925  4 54881.68172494 12.671
 77  65.565036  65.370966     6.214     6.139  5 54916.68170872 13.428
 78  65.552698  65.368302     7.211     7.186  4 54951.68171880  6.677
 79  65.552189  65.368300     8.117     8.088  4 54986.68174325 24.282
 80  65.559585  65.370189     7.462     7.474  4 55021.68173598 25.332
 81  65.558290  65.371297     5.727     5.744  5 55056.68173299 43.915
 82  65.564602  65.371668     6.355     6.390  6 55091.68168997 20.115
 83  65.553801  65.369577     6.629     6.933  5 55126.68167195 18.025
 84  65.559707  65.371053     3.051     3.086  5 55161.68165125 27.859
 85  65.549436  65.367556     5.139     5.089  4 55196.68166264 16.154
 86  65.563612  65.371557     6.015     6.091  5 55231.68165465 13.782
 87  65.554276  65.369566     5.946     6.179  5 55266.68165769 14.298
 88  65.566532  65.372195     5.887     5.719  6 55301.68163591 12.506
 89  65.557509  65.370036     7.701     7.609  4 55336.68163286 29.733
 90  65.558140  65.370956     7.639     7.427  5 55371.68162286 21.804
 91  65.553570  65.368635     7.058     6.906  4 55406.68164223 24.496
 92  65.558550  65.371855     6.411     6.423  5 55441.68164219 18.628
 93  65.569314  65.371240     6.506     6.164  6 55476.68158365 20.118
