# NaN NaN NaN ;Mean Elev.(m), Avg Gradient(m/km), RMS Gradient(m/km) - SRTM1     
#   10.194  -0.222  12.485 ;Mean Elev.(m), Avg Gradient(m/km), RMS Gradient(m/km) - ASTER GDEM
#   23.162  -0.109   6.759 ;Mean Elev.(m), Avg Gradient(m/km), RMS Gradient(m/km) - GMTED2010 
  8  68.191765  61.476761    24.276    24.276  2 52485.68298239 32.218
  9  68.198693  61.473683    21.136    21.136  2 52520.68294746 38.911
 12  68.207147  61.472295    19.146    19.150  4 52625.68291433 24.793
 15  68.196972  61.474166    20.219    21.229  3 52730.68296205 10.388
 16  68.196184  61.474329    20.820    19.377  3 52765.68297223 32.561
 20  68.194765  61.474546    15.943    15.924  3 52905.68307491 50.184
 28  68.195268  61.475206    22.814    22.856  3 53185.68306174 43.829
 29  68.193453  61.475921    21.862    21.862  2 53220.68308783 25.685
 30  68.195885  61.475228    21.053    21.869  3 53255.68306432 26.754
 32  68.196115  61.474834    18.301    18.301  2 53325.68305030 30.663
 33  68.204885  61.471350    11.230    11.242  4 53360.68300825 23.872
 35  68.203119  61.472090    15.726    15.707  3 53430.68302007 17.961
 38  68.193506  61.475998    22.755    22.741  3 53535.68309854 46.667
 40  68.204368  61.472488    19.805    19.285  5 53605.68305473 25.612
 43  68.207260  61.471350    15.922    15.937  4 53710.68300353 37.509
 45  68.195035  61.474678    15.098    15.079  3 53780.68294561 16.038
 46  68.212608  61.469828    20.915    20.890  4 53815.68291347  8.986
 48  68.195852  61.475122    22.812    22.957  3 53885.68299120 23.476
 51  68.212215  61.469307    19.248    18.960  4 53990.68297544 28.260
 53  68.196527  61.474839    18.646    18.636  3 54060.68303526 43.091
 56  68.193331  61.475987    18.463    18.463  2 54165.68298176 13.137
 59  68.191257  61.476553    24.180    24.180  2 54270.68301724 39.148
 61  68.197426  61.474937    23.328    23.346  3 54340.68300168 25.937
 67  68.197092  61.474326    22.614    22.371  3 54550.68295233 13.242
 71  68.193272  61.476076    22.557    22.557  2 54690.68294296 26.541
 77  68.192543  61.476298    15.928    15.915  3 54900.68291864 15.650
 82  68.195450  61.475386    18.442    18.047  3 55075.68290973 37.755
 86  68.191196  61.477069    16.016    16.033  3 55215.68285779 15.516
 88  68.195321  61.474788    20.948    21.072  3 55285.68285105 11.590
 93  68.200718  61.472499    16.994    16.983  3 55460.68280942 49.816
