# NaN NaN NaN ;Mean Elev.(m), Avg Gradient(m/km), RMS Gradient(m/km) - SRTM1     
#  -11.822   0.542   2.705 ;Mean Elev.(m), Avg Gradient(m/km), RMS Gradient(m/km) - ASTER GDEM
#    0.075  -0.200   2.357 ;Mean Elev.(m), Avg Gradient(m/km), RMS Gradient(m/km) - GMTED2010 
  7  68.115023  66.509935     2.874     2.315  9 52475.28341237 25.465
  8  68.117675  66.511412     3.056     3.024  9 52510.28336985 24.286
  9  68.138521  66.512773     2.938     2.470 10 52545.28337935 29.362
 10  68.122695  66.510430     2.133     2.309 10 52580.28341060 32.377
 11  68.105286  66.510122     1.637     1.385  9 52615.28337960 20.459
 12  68.132807  66.512176     1.857     1.808 10 52650.28335690 15.732
 13  68.117995  66.511463     1.583     1.421  9 52685.28334334 12.981
 14  68.121591  66.510890     1.471     1.460  9 52720.28339481 13.213
 16  68.137834  66.510765     4.112     4.005 10 52790.28336678 21.955
 17  68.136481  66.512690     3.748     3.727 10 52825.28343628 44.336
 18  68.136240  66.511903     2.783     2.583 10 52860.28348230 23.005
 19  68.114741  66.509966     0.539     0.028  9 52895.28351395 33.406
 20  68.101236  66.510111     1.530     0.931  9 52930.28346324 29.194
 21  68.137513  66.510382     0.771     0.341  9 52965.28345377 24.581
 22  68.112910  66.511260     0.876     0.728  9 53000.28348828 17.646
 23  68.102518  66.508652     0.945     0.755  9 53035.28343832 15.241
 24  68.123235  66.510965     0.929     0.851 10 53070.28345656 15.216
 25  68.099159  66.510315     0.461     0.370  8 53105.28343964 12.752
 26  68.131596  66.512226     1.714     1.595 10 53140.28346226 18.714
 27  68.124150  66.511573     3.654     3.596 10 53175.28349636 27.896
 28  68.117181  66.511410     2.590     2.517  9 53210.28351467 21.394
 29  68.113390  66.508861     1.070     0.985  9 53245.28348318 36.525
 30  68.135411  66.512526     1.412     1.261 10 53280.28346444 31.569
 31  68.124147  66.510470     1.345     1.201 10 53315.28348227 34.499
 32  68.117895  66.509728     1.175     1.172  9 53350.28344830 23.874
 33  68.134787  66.511339     1.342     1.273 10 53385.28342741 18.263
 34  68.128988  66.511498     1.082     0.941  9 53420.28343240 15.768
 35  68.140145  66.509591     0.968     0.945  8 53455.28343807 13.810
 36  68.115043  66.509969     1.845     1.585  9 53490.28352385  9.260
 37  68.126112  66.511681     3.633     3.553 10 53525.28350766 25.864
 38  68.107768  66.509104     2.729     2.577  9 53560.28353634 20.484
 39  68.115250  66.510172     1.971     1.953 10 53595.28347422 30.387
 40  68.134014  66.510800     1.051     1.141 10 53630.28346696 27.619
 41  68.119202  66.511018     1.815     1.806  9 53665.28349088 25.397
 42  68.115905  66.509692     0.372     0.370  9 53700.28344551 28.281
 44  68.132453  66.511523     0.633     0.663 10 53770.28335524 15.115
 45  68.112725  66.509908     0.851     0.743 10 53805.28334951 13.501
 47  68.128443  66.511965     2.080     2.159 10 53875.28341543 38.064
 49  68.109114  66.510756     2.705     2.753  9 53945.28348322 34.982
 50  68.106773  66.509572     0.831     0.414  9 53980.28343069 32.717
 51  68.140306  66.511951     2.937     3.110  9 54015.28344746 21.818
 52  68.130927  66.511591     0.991     0.995  9 54050.28345023 24.134
 54  68.098809  66.509987     1.480     1.354  8 54120.28337064 14.853
 56  68.102680  66.508039     8.709     4.388  9 54190.28336770  5.373
 57  68.124512  66.511249     2.486     2.516  9 54225.28341113 21.393
 58  68.121596  66.510191     3.648     3.635 10 54260.28343174 26.243
 59  68.121181  66.510358     3.138     3.359 10 54295.28343570 24.509
 60  68.116152  66.510424     3.309     3.315 10 54330.28342855 20.794
 61  68.103288  66.508723     2.059     2.037  9 54365.28337388 31.978
 62  68.122731  66.510508     1.999     2.196 10 54400.28336989 30.583
 63  68.110343  66.511074     0.872     0.846  9 54435.28332762 22.846
 64  68.131647  66.510808     1.050     0.967 10 54470.28335325 15.927
 65  68.107921  66.509025     1.191     1.073  9 54505.28334185 14.013
 66  68.121206  66.510370     0.980     0.866  9 54540.28336862 12.030
 67  68.107228  66.509671     2.013     1.650  9 54575.28334269  7.720
 68  68.119769  66.509873     3.207     3.324  9 54610.28336080 32.770
 69  68.119373  66.511032     3.353     3.293  9 54645.28336834 20.801
 70  68.118098  66.510744     2.525     2.437 10 54680.28336966 35.603
 71  68.106040  66.509778     1.644     1.779  9 54715.28332067 35.566
 72  68.126713  66.511683     1.123     1.120  9 54750.28333998 38.086
 73  68.113778  66.511259     1.419     1.452  9 54785.28330915 37.311
 74  68.127823  66.511066     1.867     1.710 10 54820.28333297 17.401
 75  68.115087  66.511297     1.669     1.196  9 54855.28330546 14.581
 76  68.116649  66.510086     1.513     1.105  9 54890.28333779 12.279
 77  68.101428  66.509213     1.458     1.412  9 54925.28330526 12.755
 78  68.125839  66.512010     1.746     1.859 10 54960.28333492 34.522
 79  68.115485  66.509206     3.837     3.944  9 54995.28335756 21.557
 80  68.116451  66.509312     2.825     2.960  9 55030.28334739 20.055
 81  68.116762  66.510916     0.747    -0.187  9 55065.28333757 32.905
 82  68.099884  66.509086     0.298     0.475  9 55100.28328149 37.583
 83  68.125034  66.510734     1.299     1.320 10 55135.28328270 38.873
 84  68.111325  66.510674     0.916     0.898  9 55170.28324642 20.860
 85  68.125845  66.510995     1.034     1.004  9 55205.28327575 14.884
 86  68.106544  66.509440     1.142     1.038  9 55240.28325318 12.978
 87  68.116210  66.510739     1.205     1.141  9 55275.28327007 13.419
 88  68.105429  66.508190     1.674     1.367  9 55310.28323706 21.460
 89  68.120026  66.510244     3.546     3.641  9 55345.28323871 21.189
 90  68.112425  66.509054     3.001     2.906  9 55380.28323275 20.033
 91  68.128194  66.511287     2.707     2.579  9 55415.28325789 21.321
 92  68.113602  66.510303     1.598     1.766  9 55450.28324425 29.096
 93  68.102855  66.510042     1.467     0.883  9 55485.28316967 28.690
