# NaN NaN NaN ;Mean Elev.(m), Avg Gradient(m/km), RMS Gradient(m/km) - SRTM1     
#    6.070  -0.515  20.153 ;Mean Elev.(m), Avg Gradient(m/km), RMS Gradient(m/km) - ASTER GDEM
#   25.597  -0.064  20.469 ;Mean Elev.(m), Avg Gradient(m/km), RMS Gradient(m/km) - GMTED2010 
 10  67.029571  62.207336    18.762    18.813  3 52574.27632407 20.073
 11  67.027836  62.207259    16.422    16.422  2 52609.27628367 34.913
 13  67.029945  62.206605    17.339    17.339  2 52679.27625537 12.262
 15  67.013689  62.207836    19.258    19.335  3 52749.27632501 10.171
 18  67.038699  62.206276    18.365    18.365  2 52854.27639136 20.295
 20  67.020157  62.206952    19.764    19.764  2 52924.27637904 14.595
 21  67.046390  62.205646    12.418    12.418  2 52959.27634532 33.205
 23  67.024158  62.207895    12.569    12.569  2 53029.27634020 22.495
 24  67.039985  62.206720    14.894    14.894  2 53064.27634765 14.477
 25  67.016630  62.207041    19.744    19.699  3 53099.27635953  7.970
 26  67.042023  62.205529    14.777    14.689  3 53134.27634692 24.554
 28  67.030930  62.207434    19.719    19.719  2 53204.27641847 35.227
 29  67.029372  62.206430    17.868    17.868  2 53239.27638702 14.348
 34  67.035315  62.205917    15.887    15.887  2 53414.27634639 13.669
 39  67.029701  62.206203    16.201    16.201  2 53589.27638914 36.922
 40  67.038373  62.205900    16.491    16.547  3 53624.27636551 23.930
 41  67.036265  62.207284    13.871    13.871  2 53659.27639223 33.335
 42  67.025565  62.207739    12.227    12.227  2 53694.27636973 39.606
 43  67.022899  62.208116    16.729    16.729  2 53729.27629273 23.681
 46  67.045573  62.205810    20.163    20.163  2 53834.27626011  8.660
 47  67.034074  62.205493    16.932    16.932  2 53869.27632364 31.053
 49  67.022865  62.207061    19.221    19.221  2 53939.27639132 38.929
 50  67.021012  62.207623    18.086    17.843  3 53974.27635152 17.690
 54  67.017927  62.207416    14.609    14.609  2 54114.27629465 20.757
 56  67.019969  62.207870    19.666    19.666  2 54184.27628471  8.957
 57  67.037082  62.207603    18.750    18.750  2 54219.27631310 25.890
 59  67.032692  62.207500    43.053    43.053  2 54289.27634089 15.603
 61  67.019979  62.207241    18.548    18.166  3 54359.27629388 21.888
 62  67.034080  62.205867    19.328    19.328  2 54394.27627885 18.537
 63  67.026642  62.206722    14.319    14.319  2 54429.27624410 22.049
 64  67.037865  62.205510    17.377    17.377  2 54464.27625799 19.211
 65  67.028973  62.207771    14.658    14.658  2 54499.27625443 17.606
 66  67.034450  62.206661    18.291    18.291  2 54534.27627215 12.489
 67  67.021666  62.206596    19.401    19.401  2 54569.27625828  6.599
 68  67.033784  62.206981   100.446   100.446  2 54604.27626646  0.622
 70  67.028704  62.206241    19.361    19.361  2 54674.27627981 22.079
 71  67.026135  62.207950    17.211    17.211  2 54709.27623711 19.719
 72  67.033154  62.205202    19.374    19.374  2 54744.27624648 17.389
 73  67.030718  62.208044    14.926    14.926  2 54779.27622049 48.373
 76  67.033875  62.206702    16.431    16.431  2 54884.27624322 13.053
 79  67.030629  62.206793    22.722    22.928  3 54989.27626178 34.825
 81  67.031204  62.207887    17.235    17.235  2 55059.27624784 18.662
 82  67.020456  62.208122    14.613    14.613  2 55094.27620140 36.353
 83  67.033138  62.206445    16.709    16.709  2 55129.27618967 22.107
 85  67.035400  62.206781    16.927    17.005  3 55199.27618095  8.814
 87  67.032918  62.206878    14.684    14.684  2 55269.27617571 11.354
 88  67.022470  62.208208    11.772    11.772  2 55304.27614839 12.889
 90  67.029679  62.207223    20.199    20.171  3 55374.27613965 30.277
 91  67.036039  62.206463    19.843    19.899  3 55409.27616086 31.429
 92  67.030329  62.207127    18.320    18.320  2 55444.27615666 14.632
 93  67.019323  62.207331    18.370    18.370  2 55479.27609395 17.695
