# NaN NaN NaN ;Mean Elev.(m), Avg Gradient(m/km), RMS Gradient(m/km) - SRTM1     
#   12.742   0.000  19.339 ;Mean Elev.(m), Avg Gradient(m/km), RMS Gradient(m/km) - ASTER GDEM
#    4.500  -0.011   0.433 ;Mean Elev.(m), Avg Gradient(m/km), RMS Gradient(m/km) - GMTED2010 
  7  65.035279  63.285046    16.504    16.501  7 52475.28408154 31.558
  8  65.040039  63.287943    15.868    15.764  8 52510.28403870 36.868
  9  65.068582  63.302355    14.676    14.697  9 52545.28404562 26.864
 10  65.046382  63.290389    12.788    13.155  9 52580.28407881 38.714
 11  65.017317  63.273602    14.767    14.745  3 52615.28405113 16.652
 12  65.061156  63.298452    13.708    13.791 11 52650.28402382 15.364
 13  65.040391  63.288034    14.451    14.472  8 52685.28401219  9.092
 14  65.044104  63.289276    14.210    14.250  9 52720.28406334 10.312
 16  65.068988  63.301876    15.229    15.260  8 52790.28403273 30.673
 17  65.065317  63.300608    15.542    15.572 10 52825.28410287 32.691
 18  65.066746  63.301353    14.415    14.703  9 52860.28414857 25.776
 19  65.035384  63.285030    10.417    10.287  7 52895.28418312 35.794
 21  65.070595  63.303102     9.845     9.457  8 52965.28411940 34.637
 22  65.025214  63.277044     9.885     9.458  8 53000.28415938 17.542
 23  65.016911  63.274119    13.060    13.589  3 53035.28410943 13.052
 24  65.047102  63.290927    13.884    13.729  9 53070.28412477 12.830
 26  65.060987  63.300049    12.660    12.945 12 53140.28412886 37.756
 27  65.047716  63.291473    15.253    15.278  9 53175.28416456 33.954
 28  65.036154  63.284969    14.456    14.431  8 53210.28418417 26.887
 29  65.036161  63.285391    11.351    10.623  8 53245.28415203 29.520
 30  65.063904  63.300545    10.384    10.384 10 53280.28413104 46.409
 31  65.047882  63.290424    12.030    11.625  9 53315.28415047 31.273
 32  65.041665  63.287926    12.591    12.580  9 53350.28411683 18.397
 33  65.063665  63.299336    12.668    12.729 10 53385.28409401 18.302
 34  65.058388  63.297654    12.445    12.775 12 53420.28409932 16.063
 35  65.068876  63.297632    14.415    14.415  2 53455.28410467 12.664
 36  65.033615  63.283541    11.930    11.901  8 53490.28419335 36.892
 37  65.049894  63.291485    15.104    15.090  9 53525.28417587 29.716
 38  65.022196  63.276316    14.853    14.854  6 53560.28420713 48.826
 39  65.038279  63.286659    12.886    13.349  9 53595.28414307 28.248
 40  65.063645  63.300427    10.450    10.355 11 53630.28413323 35.652
 41  65.041717  63.289390    12.943    13.622  9 53665.28415941 25.522
 42  65.039792  63.287875     9.615     9.683  9 53700.28411404 40.479
 44  65.063765  63.300897    13.248    13.315 11 53770.28402152 12.156
 45  65.033237  63.283263    15.364    15.532  7 53805.28401901 14.512
 47  65.053043  63.293474    13.624    13.540 10 53875.28408331 47.758
 49  65.018949  63.273273    14.248    14.299  5 53945.28415498 47.187
 50  65.022013  63.276652    12.952    12.436  6 53980.28410148 31.629
 51  65.071318  63.303082    11.024    10.437  7 54015.28411341 36.590
 52  65.061362  63.299387    11.424    11.431 11 54050.28411683 31.880
 56  65.020212  63.276594    15.440    15.386  4 54190.28403817 11.275
 57  65.046626  63.289538    14.879    14.864  9 54225.28407966 41.888
 58  65.045703  63.289976    15.870    15.864  9 54260.28409995 52.382
 59  65.045485  63.290234    16.417    16.410  9 54295.28410391 30.239
 60  65.038570  63.286992    16.237    16.266  9 54330.28409740 39.108
 61  65.020647  63.277213    14.708    15.405  4 54365.28404435 30.036
 62  65.046902  63.290387    12.843    13.311  9 54400.28403810 29.521
 63  65.021362  63.273488    11.904    13.090  5 54435.28399938 42.576
 64  65.062707  63.300239    12.952    12.924 11 54470.28401953 17.067
 65  65.023427  63.276124    12.193    12.148  6 54505.28401264 19.072
 66  65.044260  63.288635    14.533    14.609  9 54540.28403715 11.714
 67  65.022734  63.276627    11.692    12.350  6 54575.28401348 11.765
 68  65.042864  63.288091    14.861    14.867  9 54610.28402933 33.210
 69  65.041043  63.287749    15.436    15.474 10 54645.28403719 33.788
 70  65.039890  63.287365    13.187    13.154  9 54680.28403851 47.828
 71  65.021819  63.276722    10.866    10.769  6 54715.28399146 38.552
 72  65.048714  63.290175    11.421    11.125  9 54750.28400851 27.963
 73  65.032370  63.283186    11.638    11.600  7 54785.28397897 47.217
 74  65.052462  63.292595    13.186    13.158 10 54820.28400086 16.663
 75  65.033534  63.283211    13.272    13.368  7 54855.28397528 12.593
 76  65.038654  63.286855    13.721    13.616  8 54890.28400664 10.475
 78  65.049044  63.291876    13.834    13.833  9 54960.28400313 44.703
 79  65.037515  63.285876    14.983    15.058  8 54995.28402641 37.676
 80  65.039948  63.287513    14.417    14.418  9 55030.28401591 27.271
 81  65.038895  63.287451    13.413    13.656  8 55065.28400642 30.839
 83  65.048732  63.290755    11.023    10.408  9 55135.28395091 44.277
 84  65.026289  63.277767    11.758    11.311  6 55170.28391720 21.971
 85  65.049359  63.290979     9.841     9.843 10 55205.28394396 19.901
 86  65.022088  63.276574    11.040    11.495  6 55240.28392396 15.292
 87  65.036967  63.285797    10.402     9.281  7 55275.28393925 15.985
 88  65.019904  63.273514    10.377    10.069  5 55310.28390817 35.029
 89  65.043190  63.288480    14.556    14.605  9 55345.28390724 28.456
 90  65.033914  63.284050    14.888    14.898  7 55380.28390192 49.982
 91  65.054038  63.294343    14.363    14.408  8 55415.28392545 31.795
 92  65.033622  63.283686    11.981    11.339  8 55450.28391375 28.568
 93  65.019104  63.277020    14.511    14.511  2 55485.28384045 26.404
