# NaN NaN NaN ;Mean Elev.(m), Avg Gradient(m/km), RMS Gradient(m/km) - SRTM1     
#   -4.985   0.222   6.181 ;Mean Elev.(m), Avg Gradient(m/km), RMS Gradient(m/km) - ASTER GDEM
#    5.004   0.000   0.135 ;Mean Elev.(m), Avg Gradient(m/km), RMS Gradient(m/km) - GMTED2010 
  7  65.209167  63.488531    15.223    15.288  3 52475.28403964 33.106
  8  65.212551  63.489867    14.977    14.853  3 52510.28399712 35.611
  9  65.225232  63.485472    11.738    11.738  2 52545.28400791 35.642
 10  65.214965  63.487605    11.253    11.191  3 52580.28403820 35.991
 11  65.203551  63.491706     9.570     9.725  3 52615.28400622 23.594
 12  65.221761  63.486276    10.205     9.984  3 52650.28398514 17.267
 13  65.212906  63.489958    11.237    11.362  3 52685.28397061 13.041
 14  65.212662  63.486493    12.043    12.018  3 52720.28402273 12.472
 15  65.200677  63.496493    11.852    11.852  4 52755.28404525 17.263
 16  65.225667  63.484993    14.420    14.409  3 52790.28399501 25.442
 17  65.223288  63.485294    14.980    14.980  2 52825.28406484 46.039
 18  65.223367  63.484475    11.721    11.721  2 52860.28411086 34.269
 19  65.209250  63.488521    12.153    11.434  3 52895.28414122 29.202
 20  65.201412  63.493123    10.969    10.954  4 52930.28408954 34.339
 21  65.225909  63.484650     8.864     8.864  2 52965.28408201 29.725
 22  65.207071  63.489921     8.781     8.801  3 53000.28411555 19.492
 23  65.204028  63.493269    11.432    11.280  3 53035.28406430 15.677
 24  65.215675  63.488140    13.171    13.228  3 53070.28408416 12.957
 25  65.200892  63.494858    13.540    13.543  4 53105.28406562 10.133
 26  65.220276  63.486302    11.069    11.024  3 53140.28409050 39.242
 27  65.213616  63.485563    14.299    14.195  3 53175.28412459 32.577
 28  65.211367  63.490019    13.752    13.710  3 53210.28414194 22.563
 29  65.211346  63.490447    11.411    11.476  3 53245.28410981 30.921
 30  65.221892  63.485224     9.536     9.536  2 53280.28409300 44.570
 31  65.216466  63.487640    10.029    10.061  3 53315.28410986 40.138
 32  65.212847  63.488280    10.102    10.088  3 53350.28407557 19.038
 33  65.222983  63.485581     9.760     9.761  3 53385.28405565 15.062
 34  65.220290  63.487045     9.264     9.353  3 53420.28406032 15.045
 35  65.228208  63.483876    13.462    13.409  3 53455.28406631 12.585
 36  65.208851  63.488593    10.640    10.614  3 53490.28415112 32.807
 37  65.215783  63.485579    14.242    14.326  3 53525.28413590 30.932
 38  65.205375  63.490765    13.782    13.669  3 53560.28416297 22.904
 39  65.212099  63.490153    11.659    11.661  3 53595.28410117 31.481
 40  65.223007  63.486669    10.484    10.484  2 53630.28409487 24.798
 41  65.212964  63.489735     9.932     9.931  3 53665.28411815 24.776
 42  65.210969  63.488233     8.959     8.989  3 53700.28407278 38.052
 44  65.221696  63.485589     9.918     9.251  3 53770.28398349 13.276
 45  65.209709  63.489888    13.579    13.248  3 53805.28397646 14.988
 47  65.217623  63.485995    12.678    12.674  3 53875.28404366 49.768
 49  65.206143  63.492419    13.398    13.345  3 53945.28410985 37.696
 50  65.205140  63.491106    11.496    11.409  3 53980.28405732 29.266
 51  65.226654  63.484632     9.988     9.932  3 54015.28407602 27.870
 52  65.219253  63.484079    10.522    10.465  3 54050.28407880 33.784
 54  65.201062  63.494402    12.902    13.016  4 54120.28399662 14.811
 56  65.204649  63.492621    14.152    14.098  3 54190.28399368 10.581
 57  65.215208  63.486763    14.027    14.022  3 54225.28403904 47.278
 58  65.214262  63.487204    14.993    14.992  3 54260.28405933 47.501
 59  65.214034  63.487456    15.473    15.386  3 54295.28406329 31.714
 60  65.209739  63.487356    15.079    15.100  3 54330.28405614 30.695
 61  65.203745  63.491680    12.341    11.687  4 54365.28400019 29.887
 62  65.215462  63.487607    12.369    12.037  3 54400.28399748 35.880
 63  65.207138  63.491075     9.045     8.945  4 54435.28395457 25.364
 64  65.220653  63.484927    11.098    10.884  3 54470.28398149 15.375
 65  65.206541  63.490578    11.087    10.934  3 54505.28396848 13.957
 66  65.214136  63.487421    12.462    12.462  2 54540.28399621 12.555
 67  65.205845  63.491091    14.045    14.084  3 54575.28396932  6.145
 68  65.214082  63.488445    13.556    13.574  3 54610.28398807 25.300
 69  65.213594  63.489666    14.397    14.272  3 54645.28399561 30.085
 70  65.211090  63.487722    12.873    12.426  3 54680.28399726 38.786
 71  65.204914  63.491185    11.383    11.572  3 54715.28394730 29.232
 72  65.217300  63.487383    12.336    12.982  3 54750.28396789 22.218
 73  65.208860  63.489805    10.154    10.158  3 54785.28393642 44.408
 74  65.217046  63.485113    10.620    10.559  3 54820.28396121 15.708
 75  65.210036  63.489829     9.921     9.975  3 54855.28393273 13.531
 76  65.211190  63.488765    10.178    10.197  3 54890.28396506 13.045
 77  65.203225  63.493706    13.516    13.537  3 54925.28393124  7.634
 78  65.214958  63.485965    12.567    12.583  3 54960.28396316 45.383
 79  65.210050  63.487794    13.967    13.970  3 54995.28398483 28.054
 80  65.211146  63.487868    13.763    13.762  3 55030.28397466 24.543
 81  65.211424  63.489378    11.800    11.836  3 55065.28396484 33.615
 82  65.201973  63.493621    11.553    11.466  3 55100.28390747 25.018
 83  65.217314  63.487964     9.529     9.580  3 55135.28391029 27.395
 84  65.206743  63.489094     9.136     9.187  3 55170.28387369 22.184
 85  65.216606  63.486627     8.920     8.962  3 55205.28390367 17.094
 86  65.205198  63.491028     9.488     9.537  3 55240.28387980 14.830
 87  65.210826  63.489283    10.137     9.233  3 55275.28389734 14.840
 88  65.205669  63.491108    10.472    10.441  4 55310.28386336 31.766
 89  65.214407  63.488834    13.790    13.766  3 55345.28386598 21.917
 90  65.210427  63.490669    14.059    14.054  3 55380.28385937 53.241
 91  65.218642  63.486861    13.399    13.491  3 55415.28388581 24.855
 92  65.208779  63.488745    12.847    12.858  3 55450.28387152 26.101
 93  65.203515  63.493046    12.192    12.182  4 55485.28379597 23.786
