# NaN NaN NaN ;Mean Elev.(m), Avg Gradient(m/km), RMS Gradient(m/km) - SRTM1     
#    0.684  -0.555   1.801 ;Mean Elev.(m), Avg Gradient(m/km), RMS Gradient(m/km) - ASTER GDEM
#    0.128  -0.350   2.509 ;Mean Elev.(m), Avg Gradient(m/km), RMS Gradient(m/km) - GMTED2010 
  7  70.880837  66.408152     0.836     0.797 39 52469.27544200 14.182
  8  70.916616  66.444331     0.630     0.675 62 52504.27542069 28.602
  9  70.942738  66.444120     0.837     0.965 60 52539.27540353 17.327
 10  70.921765  66.444122     0.068     0.107 63 52574.27544731 37.167
 11  70.918806  66.444204     0.053     0.033 62 52609.27540691 18.145
 12  70.929425  66.443403    -0.004    -0.081 62 52644.27539926 14.141
 13  70.920471  66.443661    -0.089    -0.127 62 52679.27537861 11.741
 15  70.904106  66.444931     0.640     0.328 65 52749.27544825  9.602
 16  70.937463  66.442423     1.172     1.194 61 52784.27538930 29.827
 17  70.936155  66.443910     0.807     0.818 61 52819.27546542 20.503
 18  70.933237  66.444557     0.380     0.357 61 52854.27551428 35.090
 20  70.909940  66.444162    -0.607    -0.539 64 52924.27550228 40.968
 21  70.941408  66.443751     0.084     0.058 61 52959.27546824 28.389
 22  70.928560  66.443263     0.057     0.044 62 52994.27549944 18.669
 23  70.912478  66.443510    -0.156    -0.208 63 53029.27546376 16.405
 24  70.932385  66.443428    -0.279    -0.362 62 53064.27547089 13.675
 25  70.908183  66.445773    -0.156    -0.194 64 53099.27548245 11.508
 26  70.934488  66.442358     0.523    -0.121 61 53134.27547016 10.982
 28  70.923007  66.444286     0.415     0.531 62 53204.27554171 28.567
 29  70.919644  66.443559    -0.254     0.026 62 53239.27551026 34.486
 30  70.945101  66.443450    -0.920    -0.550 61 53274.27547274 35.457
 31  70.922991  66.443505     0.170     0.184 62 53309.27552659 27.298
 32  70.918498  66.444567    -0.165    -0.165 62 53344.27549285 17.664
 33  70.944888  66.442300    -0.006    -0.063 60 53379.27543892 14.702
 34  70.926732  66.442786    -0.105    -0.148 62 53414.27546963 12.590
 35  70.944589  66.443414    -0.077    -0.198 61 53449.27546009 11.587
 37  70.924518  66.445446     1.096     1.344 62 53519.27554292 27.561
 38  70.917653  66.446079     0.637     0.662 62 53554.27556559 34.906
 39  70.919953  66.443320    -0.449    -0.151 62 53589.27551238 36.827
 40  70.932795  66.442373     0.197     0.242 61 53624.27548876 32.677
 41  70.929443  66.443903     0.356     0.599 62 53659.27551547 30.489
 42  70.914769  66.443198    -0.225    -0.272 63 53694.27549330 20.090
 43  70.912429  66.445347    -0.174    -0.179 64 53729.27541597 15.630
 44  70.940779  66.443872    -0.255    -0.177 61 53764.27537826 18.392
 45  70.916267  66.443776    -0.064     0.040 63 53799.27538602 13.970
 46  70.941467  66.443872     0.417    -0.072 61 53834.27538303 11.628
 47  70.928235  66.443845    -0.300    -0.006 61 53869.27544655 10.126
 48  70.922789  66.443166     0.971     1.031 62 53904.27548045 29.964
 49  70.916739  66.445533     0.205     0.346 63 53939.27551423 31.149
 50  70.911383  66.444756    -0.350    -0.089 63 53974.27547476 38.439
 52  70.935647  66.443670    -0.288    -0.368 61 54044.27548750 18.209
 54  70.907133  66.444790     0.868    -0.140 64 54114.27541788 10.160
 56  70.909464  66.445064     1.410     0.242 64 54184.27540795 10.277
 57  70.930394  66.444364     0.180     0.247 62 54219.27543634 19.213
 58  70.924046  66.444026     1.570     1.691 62 54254.27546093 25.415
 59  70.924364  66.444392     0.714     0.774 62 54289.27546413 25.459
 60  70.923830  66.443780     1.014     1.119 63 54324.27546175 31.713
 61  70.912588  66.447676     0.535     0.579 63 54359.27541647 31.513
 62  70.926032  66.442689     0.294     0.543 62 54394.27540209 31.551
 63  70.917064  66.443802    -0.193    -0.234 62 54429.27536733 22.503
 64  70.932121  66.443773     0.062     0.053 61 54464.27538091 20.468
 65  70.919959  66.444731     0.051     0.018 62 54499.27537767 17.963
 66  70.926407  66.443489    -0.058    -0.102 62 54534.27539539 15.143
 67  70.912950  66.445458    -0.456    -0.328 63 54569.27538120 11.648
 68  70.926125  66.443862     0.424     0.427 62 54604.27538970 38.723
 69  70.920974  66.444641     2.061     1.248 62 54639.27540022 24.298
 70  70.921753  66.444775     0.344     0.589 61 54674.27540273 25.490
 71  70.918169  66.446704     0.467     0.496 61 54709.27536003 25.645
 72  70.926647  66.443502    -0.607    -0.254 61 54744.27536940 36.519
 73  70.921990  66.444899     0.161     0.159 62 54779.27534373 34.337
 75  70.917608  66.444290    -0.035    -0.046 62 54849.27534292 15.247
 76  70.926161  66.443360    -0.223    -0.270 62 54884.27536646 11.986
 77  70.908242  66.446162     0.018    -0.035 64 54919.27534497 12.483
 78  70.927649  66.444071     0.059     0.011 61 54954.27536081  8.761
 79  70.924387  66.445182     2.101     2.155 62 54989.27538470 35.889
 80  70.923630  66.446917     0.887     1.014 61 55024.27537616 32.673
 81  70.922993  66.444912    -0.334    -0.172 62 55059.27537108 35.727
 82  70.910137  66.445362     0.005    -0.012 64 55094.27532464 47.171
 83  70.925070  66.443173     0.531     0.544 62 55129.27531291 38.382
 84  70.919116  66.443636    -0.126    -0.163 63 55164.27528648 19.906
 85  70.928001  66.443522    -0.305    -0.371 61 55199.27530419 13.467
 87  70.924893  66.443714    -0.027    -0.038 62 55269.27529895 11.804
 88  70.912347  66.445576     0.297     0.085 64 55304.27527163 12.024
 89  70.923630  66.444035     1.265     1.281 62 55339.27527114 38.554
 90  70.920868  66.444168     0.616     0.610 63 55374.27526289 26.987
 91  70.928410  66.443335     0.270     0.333 61 55409.27528410 30.007
 92  70.921753  66.444139    -0.552    -0.212 62 55444.27527990 37.195
 93  70.908276  66.444602     0.164     0.261 64 55479.27521719 27.731
