# NaN NaN NaN ;Mean Elev.(m), Avg Gradient(m/km), RMS Gradient(m/km) - SRTM1     
#    4.063  -0.413  15.780 ;Mean Elev.(m), Avg Gradient(m/km), RMS Gradient(m/km) - ASTER GDEM
#   20.365   0.767  14.572 ;Mean Elev.(m), Avg Gradient(m/km), RMS Gradient(m/km) - GMTED2010 
  7  67.988763  61.588186    25.051    25.073  4 52466.27243884 19.821
  8  67.984087  61.590129    48.568    48.568  2 52501.27243203  1.849
  9  67.998912  61.583566    59.585    59.585  2 52536.27241939  0.184
 11  67.985350  61.589156    18.207    18.036  4 52606.27241911 40.122
 12  67.995867  61.588340    19.722    19.835  3 52641.27241174 16.591
 13  67.985136  61.588856    18.615    18.612  3 52676.27240135 15.192
 14  67.995215  61.588433    16.507    16.553  3 52711.27242731 16.590
 16  67.999255  61.587450    58.802    56.957  4 52781.27239286  9.506
 17  67.997873  61.587873    25.295    25.341  4 52816.27247353 29.867
 18  67.995567  61.586716    21.895    22.314  3 52851.27252510 18.169
 19  67.983829  61.586302    17.426    17.426  2 52886.27256009 19.428
 21  68.002147  61.585370    15.475    15.208  3 52956.27248003 41.422
 22  67.997689  61.588109    16.197    16.243  3 52991.27249699 33.050
 23  67.990476  61.588608    17.231    17.179  3 53026.27246319 12.073
 24  67.999299  61.587657    16.850    16.869  3 53061.27247294 12.825
 25  67.976923  61.591848    19.767    20.126  4 53096.27250101  9.315
 26  68.001153  61.586141    16.790    16.826  3 53131.27247398 30.284
 28  67.989981  61.588163    21.999    21.966  3 53201.27254953 41.890
 29  67.990511  61.588130    20.636    19.716  4 53236.27251899 20.386
 30  68.005331  61.587249    37.122    37.122  2 53271.27247806  8.497
 31  67.988584  61.588118    16.872    16.758  4 53306.27254218 47.933
 32  67.984774  61.589852    18.382    18.216  3 53341.27250966 35.412
 33  67.981793  61.589886    17.418    17.416  4 53376.27244048 19.381
 34  67.994420  61.588370    16.173    16.142  3 53411.27248462 16.697
 36  67.987813  61.587079    16.199    16.199  2 53481.27255233 36.562
 39  67.987785  61.589099    20.193    20.386  3 53586.27253254 45.404
 41  67.993595  61.587763    36.396    34.226  4 53656.27252292 18.576
 42  67.984993  61.590068    15.017    14.811  3 53691.27251152 49.531
 43  67.980567  61.591039    16.929    16.868  4 53726.27243525 34.919
 44  68.003740  61.584607    16.731    16.718  3 53761.27238572 16.093
 45  67.986902  61.590008    15.655    15.821  3 53796.27239978 15.954
 49  67.980872  61.589775    21.890    21.934  3 53936.27252567 16.397
 50  67.979416  61.588625    18.559    17.798  3 53971.27249261 24.272
 52  67.998603  61.586998    16.783    16.776  4 54041.27250124 49.858
 53  67.985856  61.588833    18.966    18.947  4 54076.27249568 27.237
 54  67.977349  61.592495    17.652    18.044  3 54111.27243667 24.197
 56  67.980010  61.592149    20.228    20.626  3 54181.27242355  8.456
 57  67.993430  61.587941    21.870    20.840  4 54216.27244453 27.667
 59  67.989196  61.589043    24.658    24.408  3 54286.27247688 20.330
 60  67.989855  61.587941    25.096    25.038  4 54321.27247410 19.294
 61  67.980772  61.589589    22.253    22.292  3 54356.27243462 16.156
 62  67.991788  61.589076    32.980    22.815  3 54391.27241454 19.540
 63  67.986428  61.589266    16.766    16.845  4 54426.27238470 29.548
 64  67.996427  61.588037    16.808    16.768  4 54461.27239149 21.716
 65  67.986824  61.589818    16.510    16.473  3 54496.27239145 18.351
 66  67.995039  61.587880    21.877    22.188  3 54531.27240464  4.502
 67  67.980488  61.590571    17.167    17.093  4 54566.27239703 10.877
 68  67.991391  61.588612    60.607    56.392  3 54601.27239982 10.387
 69  67.988591  61.589709    70.613    70.613  2 54636.27241168  2.928
 70  67.986825  61.589620    21.506    21.477  4 54671.27241550 47.119
 73  67.987353  61.589741    16.267    15.964  3 54776.27235778 42.253
 74  67.996914  61.586743    18.700    18.804  3 54811.27237340 41.653
 76  67.992603  61.589260    17.706    17.652  3 54881.27237644 13.445
 77  67.978603  61.590047    16.444    16.444  2 54916.27236095 12.342
 79  67.986448  61.585025    42.760    42.760  2 54986.27239514 19.926
 80  67.990631  61.590647    42.589    42.757  3 55021.27238694 10.372
 81  67.987822  61.589309    20.293    20.331  3 55056.27238411 15.183
 82  67.981050  61.590299    27.744    20.697  4 55091.27234194 15.000
 85  67.995210  61.586755    17.716    17.593  3 55196.27231412 13.559
 86  67.981450  61.590210    15.888    15.891  4 55231.27230664 13.492
 87  67.991193  61.587539    15.975    16.041  4 55266.27230919 11.561
 88  67.980270  61.587672    17.599    17.599  2 55301.27228824  3.075
 90  67.988484  61.588544    22.537    22.525  4 55371.27227465 17.100
 91  67.994471  61.587628    22.483    22.390  3 55406.27229365 16.235
 92  67.986072  61.587550    19.643    19.643  2 55441.27229369 16.730
