# NaN NaN NaN ;Mean Elev.(m), Avg Gradient(m/km), RMS Gradient(m/km) - SRTM1     
#  -12.000  -0.889   1.854 ;Mean Elev.(m), Avg Gradient(m/km), RMS Gradient(m/km) - ASTER GDEM
#    0.000  -0.510   1.833 ;Mean Elev.(m), Avg Gradient(m/km), RMS Gradient(m/km) - GMTED2010 
  7  66.476127  66.554051     4.829     4.754 14 52444.67606795 21.845
  8  66.479925  66.558620     5.226     5.202 13 52479.67606159 36.663
  9  66.484389  66.574641     2.412     2.475 10 52514.67601148 29.266
 10  66.466167  66.558568     2.443     2.426  9 52549.67605427 27.449
 11  66.481692  66.567193     2.800     2.790 11 52584.67603945 45.509
 12  66.483392  66.567836     1.559     1.563 10 52619.67601830 16.945
 13  66.479495  66.563933     1.732     1.721 12 52654.67600417 14.415
 14  66.483601  66.572198     1.342     1.334 10 52689.67600010 12.264
 15  66.479891  66.561489     1.474     1.449 12 52724.67604238 12.027
 16  66.480690  66.561327     1.428     1.391 12 52759.67606144  8.983
 17  66.476222  66.557114     4.637     4.695 13 52794.67601627 19.892
 18  66.477749  66.557288     3.744     3.459 13 52829.67608326 21.159
 19  66.479207  66.563814     2.574     2.340 12 52864.67612876 24.866
 20  66.480223  66.565450     1.291     1.326 11 52899.67615811 42.976
 21  66.483139  66.570295     0.560     0.677 11 52934.67610224 38.088
 23  66.477771  66.559740     0.660     0.616 13 53004.67613481 13.187
 25  66.479584  66.563426     0.743     0.760 12 53074.67611591 10.140
 27  66.477321  66.557629     1.930     1.972 13 53144.67612622 25.426
 28  66.480753  66.564310     4.138     4.347 12 53179.67614142 24.407
 29  66.479155  66.561220     3.267     3.186 12 53214.67616264 18.636
 30  66.481521  66.571535     1.196     1.322 10 53249.67613436 43.561
 31  66.463648  66.560558     2.059     2.260  8 53284.67612903 32.379
 32  66.480306  66.564017     1.069     1.107 12 53319.67611651 29.525
 34  66.475002  66.553029     1.238     1.272 14 53389.67608708 15.219
 35  66.482477  66.568965     0.986     0.977 11 53424.67608800 12.271
 36  66.478412  66.557295     0.850     0.805 13 53459.67609107 10.668
 37  66.476230  66.555116     2.279     2.193 13 53494.67617612 10.175
 38  66.481552  66.568548     4.795     4.785 10 53529.67615332 30.045
 39  66.480423  66.561762     3.406     3.563 13 53564.67618281 27.492
 40  66.482745  66.571121     2.059     1.987 10 53599.67612635 30.598
 41  66.474260  66.552084     1.749     1.756 14 53634.67611968 24.076
 42  66.477915  66.557418     0.649     0.702 13 53669.67614200 33.266
 43  66.483718  66.571394     0.505     0.514 10 53704.67608185 23.358
 44  66.486789  66.582005     0.907     0.880  8 53739.67599385 14.102
 45  66.479343  66.563860     1.114     1.111 12 53774.67601031 12.344
 46  66.485260  66.574813     0.653     0.627 10 53809.67599546 10.476
 47  66.476765  66.553961     0.998     0.886 13 53844.67603399  9.292
 48  66.480188  66.559935     3.496     3.454 12 53879.67606387 24.735
 49  66.476871  66.557527     4.253     4.329 13 53914.67611978 20.662
 50  66.478829  66.558497     3.061     2.843 13 53949.67613017 23.859
 51  66.481439  66.571154     1.687     1.662 10 53984.67607046 44.153
 52  66.477353  66.556256     1.260     1.109 14 54019.67610347 25.945
 53  66.481284  66.567413     1.333     1.263 10 54054.67609613 11.917
 54  66.482901  66.569510     1.894     1.814 11 54089.67608596 13.501
 55  66.476093  66.553544     1.231     1.163 13 54124.67600886 15.729
 56  66.479118  66.563320     1.543     1.432 12 54159.67605129 10.757
 57  66.476778  66.554285     1.643     1.724 14 54194.67601105  9.262
 58  66.480054  66.560233     3.386     3.501 12 54229.67606326 22.294
 59  66.480526  66.560540     5.182     5.201 12 54264.67608128 36.003
 60  66.480369  66.563432     4.632     4.688 12 54299.67608559 19.727
 61  66.482216  66.567621     4.587     4.677 10 54334.67607618 26.063
 63  66.480689  66.565525     1.899     1.449 11 54404.67601981 31.810
 64  66.466997  66.557971     1.018     0.951 10 54439.67597623 22.524
 65  66.480327  66.561045     1.078     1.076 12 54474.67600572 16.610
 66  66.475711  66.554705     1.142     1.155 13 54509.67598863 15.018
 67  66.482063  66.563764     0.587     0.555 11 54544.67602055 12.400
 68  66.479691  66.560555     1.562     1.470 12 54579.67598798  9.766
 69  66.480912  66.563917     5.395     5.512 12 54614.67601042 46.565
 70  66.479723  66.558703     4.559     4.489 12 54649.67602009 16.754
 71  66.481330  66.567462     3.179     3.068 10 54684.67601744 19.748
 72  66.476256  66.553834     1.818     2.158 13 54719.67596360 28.983
 73  66.479730  66.561187     1.451     1.483 13 54754.67599005 46.030
 74  66.476064  66.552595     1.407     1.397 14 54789.67595678 35.679
 75  66.478813  66.559453     1.308     1.263 12 54824.67598559 18.558
 76  66.477078  66.553864     1.429     1.443 13 54859.67595012 13.453
 77  66.481549  66.564252     1.390     1.319 11 54894.67598775 11.294
 78  66.475818  66.554738     1.381     1.408 14 54929.67594958 10.012
 79  66.480989  66.560508     2.676     2.717 12 54964.67598741 26.735
 80  66.479588  66.561067     4.380     4.458 13 54999.67600775 22.507
 81  66.479207  66.560986     3.236     2.850 12 55034.67599396 24.836
 82  66.483012  66.568217     2.254     2.315 10 55069.67598496 24.970
 83  66.475165  66.553819     1.854     1.864 14 55104.67592339 29.940
 84  66.479864  66.563669     1.615     1.570 12 55139.67593140 40.268
 85  66.475172  66.554380     0.840     0.873 14 55174.67589060 22.134
 86  66.479997  66.560153     1.161     1.154 12 55209.67592642 15.787
 87  66.477035  66.555434     0.915     0.953 13 55244.67589711 12.626
 88  66.481002  66.566138     1.185     1.130 10 55279.67592125 11.665
 89  66.480384  66.559715     1.616     1.619 13 55314.67588508 11.063
 90  66.481431  66.566197     4.467     4.393 11 55349.67589240 23.294
 91  66.476650  66.554700     3.783     3.648 14 55384.67588330 16.997
 92  66.481283  66.560245     2.809     2.651 12 55419.67591004 23.269
 93  66.482442  66.570118     1.885     2.235 11 55454.67588958 30.367
 94  66.484762  66.577122     3.111     3.239  9 55489.67580992 31.136
