# NaN NaN NaN ;Mean Elev.(m), Avg Gradient(m/km), RMS Gradient(m/km) - SRTM1     
#   10.194  -0.222  12.485 ;Mean Elev.(m), Avg Gradient(m/km), RMS Gradient(m/km) - ASTER GDEM
#   23.162  -0.109   6.759 ;Mean Elev.(m), Avg Gradient(m/km), RMS Gradient(m/km) - GMTED2010 
  8    24.432 52485.68298207 31.56  68.192960  61.475186 12.330
  8    24.121 52485.68298271 32.79  68.190570  61.478336 12.330
  9    21.074 52520.68294714 38.02  68.199883  61.472103 20.628
  9    21.198 52520.68294778 39.65  68.197503  61.475263 20.628
 12    19.254 52625.68291336 24.22  68.210717  61.467560  9.063
 12    19.190 52625.68291401 24.11  68.208337  61.470720  9.063
 12    19.110 52625.68291465 25.11  68.205957  61.473870  9.063
 12    19.029 52625.68291530 25.56  68.203577  61.477030  9.063
 15    21.229 52730.68296140  8.06  68.199355  61.471016  2.683
 15    21.407 52730.68296205  8.74  68.196975  61.474166  2.683
 15    18.022 52730.68296269 12.77  68.194585  61.477316  2.683
 16    23.811 52765.68297158 32.14  68.198564  61.471176 23.653
 16    19.377 52765.68297223 31.50  68.196184  61.474326 23.653
 16    19.273 52765.68297287 33.73  68.193804  61.477486 23.653
 20    15.924 52905.68307427 46.18  68.197145  61.471389 19.360
 20    16.018 52905.68307491 50.92  68.194765  61.474549 19.360
 20    15.888 52905.68307556 51.70  68.192385  61.477699 19.360
 28    22.856 53185.68306109 41.38  68.197651  61.472056 24.597
 28    22.863 53185.68306174 43.88  68.195271  61.475206 24.597
 28    22.722 53185.68306238 45.35  68.192881  61.478356 24.597
 29    21.813 53220.68308751 25.72  68.194643  61.474346 17.806
 29    21.911 53220.68308816 25.65  68.192263  61.477496 17.806
 30    22.132 53255.68306368 25.30  68.198268  61.472071 14.823
 30    21.869 53255.68306432 24.80  68.195888  61.475231 14.823
 30    19.158 53255.68306497 28.92  68.193498  61.478381 14.823
 32    18.327 53325.68304997 30.92  68.197305  61.473254 14.162
 32    18.275 53325.68305062 30.39  68.194925  61.476414 14.162
 33    11.227 53360.68300728 23.92  68.208455  61.466623  7.751
 33    11.256 53360.68300792 23.93  68.206075  61.469773  7.751
 33    11.293 53360.68300857 23.05  68.203695  61.472923  7.751
 33    11.144 53360.68300921 24.47  68.201315  61.476083  7.751
 35    15.682 53430.68301942 17.85  68.205499  61.468937  5.121
 35    15.788 53430.68302007 18.37  68.203119  61.472087  5.121
 35    15.707 53430.68302071 17.63  68.200739  61.475247  5.121
 38    22.825 53535.68309790 45.13  68.195893  61.472841 26.087
 38    22.741 53535.68309854 45.49  68.193503  61.476001 26.087
 38    22.699 53535.68309919 48.53  68.191123  61.479151 26.087
 40    19.449 53605.68305344 28.65  68.209129  61.466178 12.348
 40    19.333 53605.68305409 26.80  68.206749  61.469338 12.348
 40    18.889 53605.68305473 23.12  68.204369  61.472488 12.348
 40    21.507 53605.68305538 22.79  68.201979  61.475648 12.348
 40    19.845 53605.68305602 23.30  68.199599  61.478798 12.348
 43    16.005 53710.68300256 37.66  68.210830  61.466615 23.506
 43    16.110 53710.68300321 41.75  68.208450  61.469775 23.506
 43    15.870 53710.68300385 30.41  68.206070  61.472925 23.506
 43    15.702 53710.68300450 28.09  68.203690  61.476085 23.506
 45    15.070 53780.68294497 15.22  68.197422  61.471528  5.198
 45    15.079 53780.68294561 16.35  68.195032  61.474678  5.198
 45    15.143 53780.68294626 16.44  68.192652  61.477828  5.198
 46    21.000 53815.68291250  8.69  68.216181  61.465097  2.225
 46    21.174 53815.68291315  8.82  68.213797  61.468249  3.293
 46    20.706 53815.68291379  8.89  68.211417  61.471409  3.293
 46    20.780 53815.68291444  9.50  68.209037  61.474559  3.293
 48    23.227 53885.68299055 22.97  68.198235  61.471965 21.565
 48    22.957 53885.68299120 20.51  68.195855  61.475125 21.565
 48    22.251 53885.68299184 25.53  68.193465  61.478275 21.565
 51    21.819 53990.68297447 29.92  68.215784  61.464576 37.370
 51    19.228 53990.68297512 26.45  68.213406  61.467728 13.413
 51    18.692 53990.68297576 27.20  68.211026  61.470888 13.413
 51    17.253 53990.68297640 28.64  68.208646  61.474038 13.413
 53    18.636 54060.68303462 46.54  68.198907  61.471689 23.311
 53    18.632 54060.68303526 41.27  68.196527  61.474839 23.311
 53    18.671 54060.68303591 34.23  68.194147  61.477989 23.311
 56    20.632 54165.68298144 12.15  68.194521  61.474412  3.975
 56    16.294 54165.68298209 13.94  68.192141  61.477562  3.975
 59    24.208 54270.68301691 37.74  68.192447  61.474978 24.864
 59    24.152 54270.68301756 40.21  68.190067  61.478128 24.864
 61    23.618 54340.68300104 28.43  68.199806  61.471780 18.778
 61    23.346 54340.68300168 23.48  68.197426  61.474940 18.778
 61    23.020 54340.68300233 24.11  68.195046  61.478090 18.778
 67    22.336 54550.68295168 13.14  68.199472  61.471169  3.732
 67    22.371 54550.68295233 13.42  68.197092  61.474329  3.732
 67    23.135 54550.68295297 13.16  68.194712  61.477479  3.732
 71    22.636 54690.68294264 25.99  68.194462  61.474501 17.235
 71    22.478 54690.68294328 27.03  68.192082  61.477651 17.235
 77    15.902 54900.68291800 14.98  68.194923  61.473145  6.103
 77    15.967 54900.68291864 16.35  68.192543  61.476295  6.103
 77    15.915 54900.68291929 15.51  68.190163  61.479455  6.103
 82    18.047 55075.68290908 40.98  68.197830  61.472229 14.306
 82    17.892 55075.68290973 34.65  68.195450  61.475389 14.306
 82    19.386 55075.68291037 33.88  68.193070  61.478539 14.306
 86    15.959 55215.68285714 15.66  68.193576  61.473916  4.976
 86    16.033 55215.68285779 15.58  68.191196  61.477066  4.976
 86    16.056 55215.68285843 15.30  68.188816  61.480226  4.976
 88    20.585 55285.68285040 11.30  68.197701  61.471631  3.306
 88    21.072 55285.68285105 11.46  68.195321  61.474791  3.306
 88    21.186 55285.68285169 11.98  68.192941  61.477941  3.306
 93    16.983 55460.68280878 48.34  68.203098  61.469349 19.846
 93    16.932 55460.68280942 51.44  68.200718  61.472499 19.846
 93    17.068 55460.68281007 49.03  68.198338  61.475649 19.846
