# NaN NaN NaN ;Mean Elev.(m), Avg Gradient(m/km), RMS Gradient(m/km) - SRTM1     
#    6.201  -7.739  23.249 ;Mean Elev.(m), Avg Gradient(m/km), RMS Gradient(m/km) - ASTER GDEM
#    9.339  -7.163  24.345 ;Mean Elev.(m), Avg Gradient(m/km), RMS Gradient(m/km) - GMTED2010 
  6   144.648 52437.28024002  2.50  65.849093  62.534130  7.251
  6   142.765 52437.28024066  1.05  65.846553  62.530990  7.251
  8   136.688 52507.28021606  5.22  65.850036  62.533050  6.637
  8   150.211 52507.28021670  0.15  65.847506  62.529900  6.637
 10   147.839 52577.28024880  1.06  65.852448  62.532223  2.286
 10   149.631 52577.28024945  0.27  65.849918  62.529083  2.286
 12    16.201 52647.28020022  7.20  65.846904  62.516158  7.622
 12    16.465 52647.28020086 12.45  65.844374  62.513018  7.622
 12    15.877 52647.28020151 16.47  65.841834  62.509878  7.622
 13    14.512 52682.28016896 12.98  65.852945  62.527112 13.047
 13    15.028 52682.28016961 14.43  65.850405  62.523972 13.047
 13    14.788 52682.28017025 17.76  65.847875  62.520832 13.047
 13    14.560 52682.28017090 17.05  65.845335  62.517682 13.047
 13    15.284 52682.28017154 14.90  65.842805  62.514542 13.047
 13    15.281 52682.28017219 14.12  65.840275  62.511402 13.047
 13    15.588 52682.28017283 14.23  65.837735  62.508262 13.047
 14    13.305 52717.28022763 12.66  65.852652  62.527762  3.094
 14    12.880 52717.28022828 13.07  65.850122  62.524622  3.094
 14    13.360 52717.28022892 13.60  65.847582  62.521482  3.094
 14    12.957 52717.28022956 14.00  65.845042  62.518332  3.094
 14    12.944 52717.28023021 13.91  65.842512  62.515192  3.094
 14    13.328 52717.28023085 13.41  65.839972  62.512052  3.094
 14    13.540 52717.28023150 13.67  65.837442  62.508912  3.094
 18    15.970 52857.28031780 17.41  65.857577  62.524381  3.380
 18    16.557 52857.28031844 14.68  65.855047  62.521241  3.380
 18    17.056 52857.28031909 14.61  65.852507  62.518101  3.380
 21    17.948 52962.28027275 22.80  65.863224  62.520563 21.717
 21    17.546 52962.28027339 23.91  65.860694  62.517423 21.717
 21    18.874 52962.28027404 21.79  65.858154  62.514283 21.717
 21    19.267 52962.28027468 20.45  65.855624  62.511143 21.717
 21    18.843 52962.28027533 20.16  65.853084  62.508003 21.717
 21    17.557 52962.28027597 22.18  65.850554  62.504853 21.717
 21    17.835 52962.28027662 21.16  65.848014  62.501713 21.717
 22    13.444 52997.28031441  5.01  65.845664  62.524021  8.984
 22    14.437 52997.28031506  9.81  65.843124  62.520881  8.984
 22    13.590 52997.28031570 18.70  65.840594  62.517731  8.984
 22    13.466 52997.28031635 22.04  65.838054  62.514591  8.984
 22    13.497 52997.28031699 18.23  65.835524  62.511451  8.984
 24    13.346 53067.28028251 12.40  65.855535  62.526084  6.160
 24    13.570 53067.28028316 13.33  65.852995  62.522944  6.160
 24    14.458 53067.28028380 13.81  65.850465  62.519804  6.160
 29    17.187 53242.28031363 11.24  65.851779  62.532909 11.998
 29    16.215 53242.28031428 11.69  65.849239  62.529769 11.998
 31    48.058 53312.28032272  1.11  65.852372  62.530129 13.124
 31    36.673 53312.28032336  6.84  65.849832  62.526979 13.124
 31    18.021 53312.28032401 18.43  65.847292  62.523839 13.124
 31    24.342 53312.28032465 22.74  65.844762  62.520699 13.124
 31    16.372 53312.28032530 33.79  65.842222  62.517559 13.124
 31    14.673 53312.28032594 36.42  65.839692  62.514419 13.124
 31    15.411 53312.28032659 32.37  65.837152  62.511279 13.124
 32    16.508 53347.28028852 19.52  65.850932  62.530500  8.948
 32    16.522 53347.28028916 21.46  65.848402  62.527350  8.948
 32    17.639 53347.28028981 19.67  65.845862  62.524210  8.948
 32    17.040 53347.28029045 20.33  65.843332  62.521070  8.948
 32    17.991 53347.28029109 20.03  65.840792  62.517930  8.948
 32    18.351 53347.28029174 20.01  65.838262  62.514790  8.948
 32    18.065 53347.28029238 20.11  65.835732  62.511650  8.948
 33    15.313 53382.28025249 13.00  65.862475  62.524615  8.768
 33    15.684 53382.28025313 13.88  65.859935  62.521475  8.768
 33    16.259 53382.28025378 14.16  65.857405  62.518335  8.768
 33    16.275 53382.28025442 13.59  65.854865  62.515195  8.768
 33    16.593 53382.28025507 14.27  65.852335  62.512055  8.768
 33    16.557 53382.28025571 14.06  65.849795  62.508915  8.768
 33    15.942 53382.28025635 14.62  65.847265  62.505765  8.768
 34    13.775 53417.28026787 14.94  65.855770  62.526071 10.942
 34    13.729 53417.28026852 16.75  65.853230  62.522921 10.942
 34    14.966 53417.28026916 14.33  65.850700  62.519781 10.942
 34    15.374 53417.28026981 15.75  65.848160  62.516641 10.942
 34    15.354 53417.28027045 21.92  65.845630  62.513501 10.942
 34    13.902 53417.28027110 17.46  65.843090  62.510361 10.942
 34    15.485 53417.28027174 12.83  65.840560  62.507211 10.942
 36    14.208 53487.28035205 27.41  65.850531  62.533674 16.054
 36    13.929 53487.28035270 26.31  65.847991  62.530524 16.054
 36    13.738 53487.28035334 23.79  65.845451  62.527384 16.054
 36    13.947 53487.28035399 23.01  65.842921  62.524244 16.054
 36    15.153 53487.28035463 24.24  65.840381  62.521104 16.054
 36    16.806 53487.28035527 24.76  65.837851  62.517964 16.054
 36    17.898 53487.28035592 27.75  65.835311  62.514824 16.054
 42    14.443 53697.28028690 37.35  65.847894  62.531408 18.121
 42    14.573 53697.28028754 41.33  65.845364  62.528258 18.121
 42    15.843 53697.28028818 40.94  65.842824  62.525118 18.121
 42    15.808 53697.28028883 42.52  65.840294  62.521978 18.121
 42    15.586 53697.28028947 42.63  65.837754  62.518838 18.121
 42    15.332 53697.28029012 43.27  65.835224  62.515698 18.121
 43    14.965 53732.28020893 17.31  65.847753  62.534463 10.290
 43    15.867 53732.28020957 16.92  65.845223  62.531323 10.290
 43    16.366 53732.28021022 16.87  65.842683  62.528183 10.290
 43    15.924 53732.28021086 18.45  65.840153  62.525033 10.290
 43    16.097 53732.28021151 18.24  65.837623  62.521893 10.290
 43    15.757 53732.28021215 18.41  65.835083  62.518753 10.290
 45    12.625 53802.28018741 11.64  65.839463  62.519712  8.666
 45    13.036 53802.28018805 11.61  65.836933  62.516572  8.666
 45    13.261 53802.28018870  9.36  65.834403  62.513432  8.666
 47   153.575 53872.28024941  1.40  65.854475  62.528082  3.082
 47   151.135 53872.28025005  0.74  65.851935  62.524942  3.082
 47   147.301 53872.28025070  0.20  65.849405  62.521802  3.082
 47   143.747 53872.28025134  0.11  65.846865  62.518662  3.082
 47   142.018 53872.28025199  0.10  65.844335  62.515522  3.082
 54    15.373 54117.28021370 13.41  65.831369  62.521664  7.792
 54    15.923 54117.28021435 11.73  65.828829  62.518524  7.792
 56    14.046 54187.28020594 11.84  65.838298  62.527014  7.038
 56    14.874 54187.28020659 12.98  65.835768  62.523874  7.038
 56    16.292 54187.28020723 12.40  65.833238  62.520734  7.038
 56    15.077 54187.28020788 12.59  65.830698  62.517584  7.038
 63    14.704 54432.28016313 11.99  65.843331  62.527684  9.161
 63    14.505 54432.28016377 18.94  65.840791  62.524544  9.161
 63    15.243 54432.28016442 24.20  65.838261  62.521404  9.161
 63    13.931 54432.28016506 26.35  65.835731  62.518264  9.161
 64    13.856 54467.28018512 15.74  65.857033  62.524494  6.560
 64    14.294 54467.28018576 14.85  65.854503  62.521344  6.560
 64    14.980 54467.28018640 13.90  65.851963  62.518204  6.560
 64    15.350 54467.28018705 13.98  65.849433  62.515064  6.560
 64    16.041 54467.28018769 12.86  65.846893  62.511924  6.560
 64    16.630 54467.28018834 12.57  65.844363  62.508784  6.560
 64    16.534 54467.28018898 13.73  65.841823  62.505634  6.560
 65    13.077 54502.28017771 13.18  65.846099  62.528579  9.482
 65    13.876 54502.28017836 12.79  65.843559  62.525439  9.482
 65    14.802 54502.28017900 12.63  65.841029  62.522299  9.482
 65    14.697 54502.28017965 13.05  65.838489  62.519159  9.482
 65    16.007 54502.28018029 12.14  65.835959  62.516009  9.482
 66    15.108 54537.28020282 11.90  65.840922  62.514652  5.877
 66    17.733 54537.28020347 10.04  65.838392  62.511512  5.877
 68   146.335 54607.28019299  0.32  65.853533  62.530009  3.023
 68   145.346 54607.28019364  0.20  65.850993  62.526869  3.023
 74    16.349 54817.28016697 23.47  65.849915  62.520948 12.046
 74    16.615 54817.28016761 24.25  65.847385  62.517808 12.046
 74    17.307 54817.28016825 23.26  65.844845  62.514668 12.046
 74    17.815 54817.28016890 21.93  65.842315  62.511518 12.046
 74    17.493 54817.28016954 22.52  65.839775  62.508378 12.046
 75    14.617 54852.28014171 16.90  65.849063  62.530875 16.404
 75    14.621 54852.28014235 16.25  65.846533  62.527725 16.404
 75    15.152 54852.28014300 16.47  65.843993  62.524585 16.404
 75    15.517 54852.28014364 15.27  65.841463  62.521445 16.404
 75    21.541 54852.28014429 13.76  65.838923  62.518305 16.404
 75    19.860 54852.28014493 13.14  65.836393  62.515165 16.404
 76    13.144 54887.28016971 13.12  65.852730  62.530301  9.155
 76    13.421 54887.28017036 13.58  65.850200  62.527161  9.155
 76    13.896 54887.28017100 13.91  65.847660  62.524021  9.155
 76    13.755 54887.28017164 14.85  65.845130  62.520881  9.155
 76    15.014 54887.28017229 13.40  65.842590  62.517741  9.155
 76    15.564 54887.28017293 12.09  65.840060  62.514591  9.155
 76    16.375 54887.28017358 11.48  65.837520  62.511451  9.155
 84    15.322 55167.28008422 11.84  65.842702  62.522483 10.551
 84    15.577 55167.28008487 16.89  65.840172  62.519343 10.551
 84    14.044 55167.28008551 23.65  65.837632  62.516203 10.551
 84    13.809 55167.28008615 23.46  65.835102  62.513063 10.551
 85    13.017 55202.28010806 11.52  65.853674  62.528077  8.924
 85    13.290 55202.28010870 10.82  65.851144  62.524937  8.924
 85    13.255 55202.28010935 11.27  65.848604  62.521797  8.924
 85    14.062 55202.28010999 10.51  65.846074  62.518657  8.924
 87    12.394 55272.28010207  9.93  65.850980  62.529785  8.345
 87    12.391 55272.28010272 10.43  65.848450  62.526645  8.345
 87    13.305 55272.28010336  9.48  65.845910  62.523505  8.345
 87    13.186 55272.28010400  9.70  65.843380  62.520365  8.345
 87    13.592 55272.28010465  9.12  65.840840  62.517225  8.345
 87    15.231 55272.28010529  8.38  65.838310  62.514075  8.345
 87    15.483 55272.28010594  8.42  65.835780  62.510935  8.345
 90    17.763 55377.28006509 30.68  65.849892  62.532083 10.432
 90    17.831 55377.28006574 17.35  65.847352  62.528943 10.432
 90    18.117 55377.28006638 12.86  65.844822  62.525803 10.432
 90    18.037 55377.28006703 12.38  65.842282  62.522663 10.432
 90    18.011 55377.28006767 14.74  65.839752  62.519523 10.432
