# NaN NaN NaN ;Mean Elev.(m), Avg Gradient(m/km), RMS Gradient(m/km) - SRTM1     
#   -9.844  -4.387   9.794 ;Mean Elev.(m), Avg Gradient(m/km), RMS Gradient(m/km) - ASTER GDEM
#    0.658  -3.594  11.845 ;Mean Elev.(m), Avg Gradient(m/km), RMS Gradient(m/km) - GMTED2010 
  6  67.898098  66.570283     4.245     4.284  4 52441.67207681 39.643
  7  67.902586  66.570405     4.229     4.261  4 52476.67207295 39.654
  8  67.929474  66.566104     4.076     4.006  4 52511.67202011 23.343
  9  67.896563  66.570352     3.328     3.271  4 52546.67204928 23.741
 10  67.907130  66.569132     2.261     2.259  4 52581.67206534 30.033
 11  67.918727  66.568739     2.647     2.889  4 52616.67203587 17.048
 12  67.909265  66.570455     2.516     2.563  4 52651.67201253 13.500
 13  67.925279  66.567076     2.142     2.132  4 52686.67200457 11.483
 14  67.907983  66.568986     2.107     2.144  4 52721.67205407  9.930
 15  67.905634  66.570815     3.075     3.063  4 52756.67207742  8.772
 17  67.900581  66.570216     3.934     3.905  4 52826.67209664 27.780
 18  67.902753  66.571473     3.307     3.480  4 52861.67214226 30.480
 19  67.910256  66.570497     2.511     2.481  4 52896.67217195 28.661
 20  67.924263  66.567096     2.436     2.277  4 52931.67211830 24.895
 21  67.897797  66.571182     0.660     0.667  4 52966.67211948 20.583
 22  67.903540  66.570683     1.274     1.291  3 53001.67214768 15.114
 23  67.922527  66.567042     1.378     1.280  4 53036.67209566 13.162
 24  67.909039  66.569440     1.501     1.496  3 53071.67211948 11.072
 25  67.927215  66.566684     1.041     1.064  4 53106.67209643  9.487
 26  67.901156  66.570660     2.818     2.868  4 53141.67212791 15.987
 27  67.909222  66.569183     4.127     4.149  4 53176.67215486 29.846
 28  67.908824  66.569833     3.332     3.377  4 53211.67217441 23.741
 29  67.919998  66.568094     3.201     3.018  3 53246.67214217 19.379
 30  67.890592  66.572014     1.055     1.070  4 53281.67213053 40.948
 31  67.905449  66.570983     1.400     1.310  4 53316.67213839 27.448
 32  67.923070  66.567836     1.373     1.386  4 53351.67210295 18.907
 33  67.892365  66.572513     1.841     1.622  4 53386.67209244 15.471
 34  67.920761  66.567279     1.000     0.982  4 53421.67209330 13.114
 35  67.897466  66.570108     1.816     1.862  4 53456.67209992 11.190
 36  67.898599  66.570001     2.860     2.873  4 53491.67218519  8.098
 37  67.915011  66.568538     4.223     4.298  3 53526.67216604 23.110
 38  67.909026  66.568922     3.473     3.459  4 53561.67219484 20.195
 39  67.926443  66.567923     2.511     2.000  4 53596.67213328 25.814
 40  67.886167  66.571226     2.024     1.397  4 53631.67212965 29.984
 41  67.902665  66.570513     3.106     3.181  4 53666.67215173 23.036
 42  67.921939  66.567134     1.204     1.229  4 53701.67209955 25.893
 43  67.940584  66.564263     1.026     1.035  4 53736.67200861 14.951
 44  67.911425  66.569008     1.265     1.277  4 53771.67201671 12.591
 45  67.927935  66.567638     1.467     1.600  4 53806.67200629 10.802
 47  67.906751  66.569847     2.718     2.685  3 53876.67207541 42.585
 49  67.902500  66.571245     3.476     3.458  4 53946.67214272 24.966
 50  67.921568  66.567225     1.680     1.734  4 53981.67208560 43.310
 51  67.896495  66.570738     2.305     2.256  4 54016.67211084 30.952
 52  67.917688  66.568298     2.203     2.199  3 54051.67210769 21.460
 53  67.917830  66.569042     2.336     2.331  4 54086.67209982 17.538
 54  67.941206  66.562719     3.946     4.000  4 54121.67202309 13.442
 55  67.910063  66.568899     3.318     3.344  4 54156.67206034 12.798
 56  67.929732  66.567106     3.755     3.698  4 54191.67202254  9.301
 57  67.904755  66.570972     3.159     3.162  4 54226.67207246 18.090
 59  67.912952  66.569091     4.200     4.173  4 54296.67209586 25.228
 60  67.921569  66.566980     4.097     4.184  4 54331.67208642 25.207
 61  67.929154  66.566545     2.934     2.679  3 54366.67202859 23.152
 62  67.913711  66.569033     2.938     3.071  4 54401.67202937 24.909
 63  67.924306  66.566741     0.931     0.931  4 54436.67198586 22.011
 64  67.903834  66.571273     2.003     1.981  4 54471.67201469 12.575
 65  67.927281  66.566928     1.647     1.566  4 54506.67199806 12.567
 66  67.914275  66.568256     2.111     2.122  4 54541.67202856 10.048
 68  67.912651  66.569220     3.654     3.710  4 54611.67202031 29.144
 69  67.910964  66.569046     4.051     4.022  4 54646.67202745 26.635
 70  67.915013  66.568624     3.313     3.299  4 54681.67202826 31.990
 71  67.929420  66.567178     1.697     1.700  4 54716.67197651 49.855
 72  67.903898  66.570463     3.114     3.160  4 54751.67200044 26.854
 73  67.921763  66.568512     1.403     1.407  4 54786.67196656 37.153
 74  67.903788  66.570647     2.090     2.216  4 54821.67199434 14.713
 75  67.923463  66.567026     1.371     1.369  4 54856.67196246 12.689
 76  67.912619  66.569481     1.619     1.547  3 54891.67199706 10.403
 77  67.929560  66.565738     2.397     2.389  4 54926.67196051 10.753
 78  67.905256  66.570244     2.982     2.785  3 54961.67199642 27.965
 79  67.908780  66.570092     5.805     5.699  3 54996.67201738 21.053
 80  67.912704  66.568717     3.542     3.543  4 55031.67200663 22.747
 81  67.920876  66.567036     2.385     1.954  4 55066.67199560 23.011
 82  67.931243  66.565286     2.233     1.806  4 55101.67193566 22.843
 83  67.906085  66.570626     1.499     1.520  4 55136.67194247 48.075
 84  67.925759  66.566577     1.166     1.184  4 55171.67190346 20.139
 85  67.904004  66.571159     1.207     1.229  4 55206.67193652 13.822
 86  67.926845  66.566905     1.693     1.730  4 55241.67190875 10.684
 87  67.916410  66.568431     1.839     1.854  4 55276.67192959 10.968
 88  67.927084  66.566915     1.198     1.236  3 55311.67189376 40.067
 89  67.914447  66.569448     4.543     4.540  4 55346.67189949 27.627
 90  67.917601  66.569124     3.562     3.627  4 55381.67189122 23.522
 91  67.902862  66.571406     3.286     3.329  4 55416.67191945 24.075
 92  67.922767  66.567757     2.813     2.778  4 55451.67190142 23.065
 93  67.934431  66.565529     1.738     1.670  4 55486.67182378 23.965
