# NaN NaN NaN ;Mean Elev.(m), Avg Gradient(m/km), RMS Gradient(m/km) - SRTM1     
#    4.017  -3.580  13.784 ;Mean Elev.(m), Avg Gradient(m/km), RMS Gradient(m/km) - ASTER GDEM
#   20.037  -2.569  13.020 ;Mean Elev.(m), Avg Gradient(m/km), RMS Gradient(m/km) - GMTED2010 
  8    21.790 52485.27438133 28.64  67.476469  61.862531 17.648
  8    22.264 52485.27438197 30.81  67.474029  61.859381 17.648
  8    22.638 52485.27438262 29.33  67.471599  61.856231 17.648
  8    22.831 52485.27438326 27.03  67.469159  61.853081 17.648
  9    19.326 52520.27434532 15.72  67.476109  61.866014 27.646
  9    19.729 52520.27434596 16.52  67.473669  61.862864 27.646
  9    20.506 52520.27434661 18.40  67.471229  61.859714 27.646
  9    21.163 52520.27434725 18.39  67.468799  61.856564 27.646
 10    76.703 52555.27439722  3.39  67.482122  61.861208  5.628
 10    76.650 52555.27439787  1.04  67.479682  61.858058  5.628
 10    75.774 52555.27439851  0.44  67.477242  61.854908  5.628
 11    16.120 52590.27438517 48.51  67.477624  61.863352 17.515
 11    16.345 52590.27438582 46.09  67.475194  61.860202 17.515
 11    16.158 52590.27438646 48.35  67.472754  61.857042 17.515
 11    16.291 52590.27438710 46.29  67.470314  61.853902 17.515
 12    19.583 52625.27431667 19.55  67.476939  61.861789 14.654
 12    19.337 52625.27431732 19.48  67.474509  61.858639 14.654
 12    19.239 52625.27431796 19.09  67.472069  61.855499 14.654
 13    16.748 52660.27435157 12.50  67.479919  61.860320  2.916
 13    16.893 52660.27435222 12.77  67.477489  61.857180  2.916
 13    17.344 52660.27435286 12.21  67.475049  61.854030  2.916
 14    15.981 52695.27433200 10.51  67.491211  61.855013  3.049
 14    16.581 52695.27433264 10.42  67.488771  61.851863  3.049
 14    18.448 52695.27433329 10.37  67.486331  61.848713  3.049
 14    19.538 52695.27433393  9.91  67.483891  61.845563  3.049
 15    20.482 52730.27436229 13.30  67.483869  61.859620  2.369
 15    20.900 52730.27436294 13.74  67.481439  61.856470  2.369
 15    21.709 52730.27436358 13.55  67.478999  61.853320  2.369
 15    21.845 52730.27436423 13.45  67.476559  61.850170  2.369
 17    78.190 52800.27436411  4.51  67.490210  61.853722 12.945
 17    77.064 52800.27436475  3.02  67.487780  61.850572 12.945
 18    20.752 52835.27443165 16.29  67.489272  61.855819 21.967
 18    21.021 52835.27443229 16.67  67.486832  61.852679 21.967
 18    21.677 52835.27443294 18.17  67.484402  61.849529 21.967
 18    21.510 52835.27443358 25.11  67.481962  61.846379 21.967
 19    15.739 52870.27447280 44.54  67.485496  61.858080 22.492
 19    16.123 52870.27447344 49.53  67.483056  61.854940 22.492
 19    15.978 52870.27447409 49.51  67.480626  61.851790 22.492
 19    15.982 52870.27447473 38.78  67.478186  61.848640 22.492
 20    16.715 52905.27447418 16.52  67.479278  61.862477  6.004
 20    17.774 52905.27447482 16.72  67.476848  61.859327  6.004
 20    18.935 52905.27447547 18.25  67.474407  61.856176 20.876
 20    19.280 52905.27447611 21.22  67.471967  61.853026 20.876
 22    13.703 52975.27445290 20.67  67.482724  61.857462  4.628
 22    13.850 52975.27445354 22.16  67.480284  61.854312  4.628
 22    13.673 52975.27445419 22.01  67.477854  61.851162  4.628
 23    15.995 53010.27445648 13.86  67.476481  61.863829  8.051
 23    15.814 53010.27445713 14.45  67.474041  61.860679  8.051
 23    15.714 53010.27445777 14.75  67.471604  61.857529  4.791
 23    16.385 53010.27445842 13.15  67.469174  61.854379  4.791
 24    16.900 53045.27441909 11.00  67.486194  61.858920  3.911
 24    17.493 53045.27441973 11.11  67.483754  61.855770  3.911
 24    17.237 53045.27442038 11.05  67.481324  61.852620  3.911
 24    19.367 53045.27442102 11.35  67.478884  61.849470  3.911
 25    18.206 53080.27445190 10.66  67.476862  61.867675  2.846
 25    17.223 53080.27445254 10.69  67.474422  61.864525  2.846
 25    17.244 53080.27445319 10.40  67.471992  61.861365  2.846
 25    18.062 53080.27445383 10.11  67.469552  61.858215  2.846
 25    18.693 53080.27445448 10.20  67.467122  61.855075  2.846
 26    20.821 53115.27442395  8.59  67.482237  61.857738  3.153
 26    21.598 53115.27442460  7.93  67.479807  61.854588  3.153
 26    21.967 53115.27442524  8.16  67.477367  61.851448  3.153
 27    74.774 53150.27446979 13.62  67.479590  61.863388 18.632
 27    41.462 53150.27447043 16.05  67.477150  61.860228 18.632
 27    21.367 53150.27447172 35.96  67.472280  61.853938 18.632
 28    20.777 53185.27446165 25.31  67.486017  61.855540 44.473
 28    20.739 53185.27446229 26.72  67.483577  61.852390 44.473
 28    20.893 53185.27446294 27.41  67.481137  61.849240 44.473
 29    18.235 53220.27448609 11.24  67.479850  61.863605  8.895
 29    17.995 53220.27448673 12.35  67.477417  61.860456 23.343
 29    18.541 53220.27448738 13.42  67.474977  61.857306 23.343
 29    19.110 53220.27448802 14.64  67.472537  61.854156 23.343
 30    18.293 53255.27446188 14.77  67.472660  61.870563 12.534
 30    18.150 53255.27446252 12.26  67.470220  61.867413 12.534
 30    17.846 53255.27446317 12.61  67.467790  61.864263 12.534
 30    18.853 53255.27446381 13.03  67.465354  61.861111 26.321
 30    18.948 53255.27446445 15.15  67.462914  61.857961 26.321
 31    18.779 53290.27447323 14.11  67.482674  61.859256 14.435
 31    19.338 53290.27447387 14.07  67.480234  61.856096 14.435
 32    18.803 53325.27444863 32.26  67.481003  61.857792 17.356
 32    18.597 53325.27444927 36.19  67.478573  61.854642 17.356
 32    18.337 53325.27444992 36.92  67.476133  61.851492 17.356
 34    16.861 53395.27442677 13.25  67.485519  61.857704  6.842
 34    17.093 53395.27442742 13.70  67.483079  61.854554  6.842
 34    17.064 53395.27442806 12.58  67.480639  61.851414  6.842
 34    16.647 53395.27442871 12.80  67.478209  61.848264  6.842
 35    15.746 53430.27441902 13.56  67.477139  61.862522  6.655
 35    16.220 53430.27441966 12.70  67.474699  61.859372  6.655
 35    15.359 53430.27442031 13.44  67.472269  61.856222  6.655
 35    15.621 53430.27442095 13.18  67.469829  61.853072  6.655
 36    17.388 53465.27444746  8.62  67.487986  61.855375  2.207
 36    19.689 53465.27444811  8.45  67.485546  61.852225  2.207
 36    19.815 53465.27444875  8.90  67.483106  61.849085  2.207
 37    21.076 53500.27450894 44.70  67.471337  61.857118 14.644
 37    21.173 53500.27450958 46.95  67.468897  61.853978 14.644
 38    75.748 53535.27449524  6.91  67.480294  61.862563 14.255
 38    76.240 53535.27449589  0.30  67.477854  61.859413 14.255
 39    20.401 53570.27450588 22.84  67.475839  61.865938 24.141
 39    20.012 53570.27450653 19.63  67.473399  61.862798 24.141
 39    19.938 53570.27450717 19.97  67.470959  61.859648 24.141
 39    20.025 53570.27450782 19.80  67.468529  61.856498 24.141
 40    18.677 53605.27445313 11.68  67.473608  61.866640 15.744
 40    17.627 53605.27445377 12.65  67.471178  61.863490 15.744
 40    18.478 53605.27445442 12.70  67.468738  61.860340 15.744
 41    17.853 53640.27445413 11.99  67.483919  61.856093 15.341
 41    19.356 53640.27445477 12.98  67.481479  61.852943 15.341
 41    21.470 53640.27445542 13.75  67.479039  61.849803 15.341
 42    17.492 53675.27447311 16.62  67.477243  61.862087 11.092
 42    18.702 53675.27447376 14.84  67.474813  61.858947 11.092
 42    19.864 53675.27447440 15.20  67.472373  61.855787 11.092
 42    21.312 53675.27447505 15.96  67.469933  61.852647 11.092
 43    16.671 53710.27440265 28.99  67.478066  61.865176 16.163
 43    15.521 53710.27440329 38.66  67.475636  61.862026 16.163
 43    15.943 53710.27440394 35.73  67.473196  61.858876 16.163
 43    16.644 53710.27440458 34.97  67.470756  61.855726 16.163
 45    14.411 53780.27434422 13.13  67.483610  61.858880  6.292
 45    15.526 53780.27434487 12.61  67.481170  61.855730  6.292
 45    14.453 53780.27434551 12.43  67.478740  61.852570  6.292
 45    14.304 53780.27434616 11.61  67.476300  61.849430  6.292
 46    18.928 53815.27431243  9.01  67.475248  61.870790  4.114
 46    18.467 53815.27431308  9.66  67.472808  61.867640  4.114
 46    13.010 53815.27431372  9.82  67.470378  61.864490  4.114
 46    20.235 53815.27431437  9.57  67.467938  61.861340  4.114
 46    21.033 53815.27431501  8.83  67.465508  61.858190  4.114
 48    78.240 53885.27439040  8.23  67.487183  61.857081 10.682
 48    76.470 53885.27439104  7.30  67.484743  61.853921 10.682
 48    76.826 53885.27439169  4.59  67.482303  61.850781 10.682
 48    75.422 53885.27439233  2.19  67.479873  61.847631 10.682
 50    18.126 53955.27445625 12.43  67.472801  61.864600 18.035
 50    18.226 53955.27445690 13.09  67.470361  61.861460 18.035
 50    19.904 53955.27445754 11.55  67.467921  61.858310 18.035
 50    22.228 53955.27445819 12.12  67.465491  61.855160 18.035
 51    17.985 53990.27437429 15.00  67.475957  61.866446 14.384
 51    17.790 53990.27437493 13.16  67.473527  61.863296 14.384
 51    18.889 53990.27437558 12.50  67.471087  61.860146 14.384
 51    19.868 53990.27437622 12.18  67.468647  61.856996 14.384
 52    16.872 54025.27444106 17.59  67.486534  61.855120 17.817
 52    19.614 54025.27444170 21.91  67.484094  61.851970 17.817
 52    14.894 54025.27444235 36.03  67.481654  61.848830 17.817
 53    19.613 54060.27443396 31.83  67.484568  61.857748 12.931
 53    20.079 54060.27443460 27.92  67.482128  61.854588 12.931
 53    20.322 54060.27443525 26.81  67.479698  61.851438 12.931
 55    18.653 54130.27435406  8.46  67.489536  61.855178  2.038
 55    18.740 54130.27435471  8.70  67.487096  61.852028  2.038
 55    20.345 54130.27435535  8.95  67.484666  61.848888  2.038
 55    20.162 54130.27435600  8.82  67.482226  61.845728  2.038
 56    17.833 54165.27437941  9.68  67.477875  61.865668  3.414
 56    16.613 54165.27438005 10.04  67.475435  61.862518  3.414
 56    17.491 54165.27438070  9.41  67.473005  61.859378  3.414
 56    18.700 54165.27438134  9.02  67.470565  61.856228  3.414
 58    76.789 54235.27439480 10.19  67.483230  61.858255 10.181
 58    76.016 54235.27439544  9.62  67.480800  61.855105 10.181
 58    75.521 54235.27439609  5.85  67.478360  61.851945 10.181
 59    76.074 54270.27441451  6.54  67.480992  61.861756 11.325
 59    77.066 54270.27441580  1.07  67.476112  61.855446 11.325
 59    74.728 54270.27441644  0.39  67.473682  61.852296 11.325
 60    23.432 54305.27441778 23.25  67.481667  61.860304 10.063
 60    23.610 54305.27441842 23.57  67.479237  61.857154 10.063
 60    23.637 54305.27441907 24.14  67.476797  61.854004 10.063
 61    20.883 54340.27440002 13.99  67.478154  61.863768 16.963
 61    21.217 54340.27440066 14.70  67.475724  61.860618 16.963
 61    21.771 54340.27440131 17.25  67.473284  61.857468 16.963
 62    18.608 54375.27435251 14.82  67.483216  61.857405  7.270
 62    19.675 54375.27435315 16.55  67.480776  61.854255  7.270
 62    20.931 54375.27435380 18.48  67.478346  61.851105  7.270
 64    15.262 54445.27431566 19.52  67.489603  61.856762  5.979
 64    15.708 54445.27431630 19.50  67.487173  61.853612  5.979
 64    19.030 54445.27431695 18.81  67.484733  61.850462  5.979
 64    18.233 54445.27431759 19.20  67.482293  61.847312  5.979
 65    16.658 54480.27433806 13.44  67.480714  61.859406  4.471
 65    17.802 54480.27433870 13.25  67.478274  61.856266  4.471
 65    18.501 54480.27433935 12.88  67.475844  61.853116  4.471
 67    19.170 54550.27435011  8.93  67.478070  61.865778  2.028
 67    20.576 54550.27435076  8.88  67.475640  61.862628  2.028
 67    20.978 54550.27435140  8.49  67.473200  61.859478  2.028
 67    21.596 54550.27435204  8.66  67.470770  61.856328  2.028
 67    21.902 54550.27435269  9.24  67.468330  61.853178  2.028
 69    42.012 54620.27434456 15.97  67.481239  61.860956 13.189
 69    21.219 54620.27434650 40.38  67.473929  61.851516 13.189
 70    24.491 54655.27435545 31.54  67.477935  61.860189 32.585
 70    23.199 54655.27435610 33.67  67.475495  61.857039 32.585
 71    17.888 54690.27434073 14.52  67.478802  61.864311  5.851
 71    17.896 54690.27434138 15.58  67.476362  61.861151  5.851
 71    19.206 54690.27434202 14.92  67.473932  61.858011  5.851
 71    20.124 54690.27434267 14.78  67.471492  61.854861  5.851
 72    19.437 54725.27430633 12.38  67.486656  61.854681 15.953
 72    20.821 54725.27430697 13.91  67.484216  61.851531 15.953
 72    20.439 54725.27430762 22.21  67.481776  61.848391 15.953
 73    15.510 54760.27431807 25.08  67.478304  61.861150 11.015
 73    18.042 54760.27431872 17.20  67.475864  61.857990 11.015
 73    19.281 54760.27431936 15.53  67.473434  61.854850 11.015
 75    18.831 54830.27431757 17.48  67.481349  61.861541  8.789
 75    18.868 54830.27431821 17.68  67.478909  61.858391  8.789
 75    19.068 54830.27431886 16.46  67.476479  61.855241  8.789
 75    18.749 54830.27431950 16.65  67.474039  61.852091  8.789
 76    16.374 54865.27429404 12.29  67.488273  61.857618  5.941
 76    16.392 54865.27429468 11.36  67.485833  61.854468  5.941
 76    16.501 54865.27429533 11.81  67.483393  61.851328  5.941
 76    16.349 54865.27429597 11.56  67.480963  61.848168  5.941
 77    13.663 54900.27431669 11.11  67.476608  61.863778  3.489
 77    13.868 54900.27431734 11.71  67.474168  61.860628  3.489
 77    16.779 54900.27431798 10.90  67.471738  61.857478  3.489
 77    13.836 54900.27431863 11.24  67.469298  61.854328  3.489
 78    14.466 54935.27428570 10.44  67.484733  61.858855  3.894
 78    14.893 54935.27428635 10.67  67.482293  61.855705  3.894
 78    14.117 54935.27428699 13.13  67.479853  61.852555  3.894
 78    14.247 54935.27428764 10.25  67.477423  61.849405  3.894
 79    76.549 54970.27431866  5.12  67.481453  61.859181 16.259
 79    76.118 54970.27431930  3.17  67.479013  61.856031 16.259
 79    75.382 54970.27431995  2.66  67.476583  61.852881 16.259
 82    18.501 55075.27430790 40.40  67.476591  61.863462 20.341
 82    18.666 55075.27430854 45.28  67.474161  61.860312 20.341
 82    18.184 55075.27430919 45.22  67.471721  61.857162 20.341
 82    17.871 55075.27430983 42.95  67.469291  61.854012 20.341
 83    17.502 55110.27425916 13.60  67.484282  61.856310 13.345
 83    19.149 55110.27425980 14.03  67.481852  61.853160 13.345
 83    21.213 55110.27426045 14.48  67.479412  61.850010 13.345
 84    14.197 55145.27426117 36.78  67.478314  61.862546 12.174
 84    14.271 55145.27426182 37.42  67.475874  61.859396 12.174
 84    14.459 55145.27426246 41.86  67.473444  61.856256 12.174
 84    14.277 55145.27426311 35.28  67.471004  61.853096 12.174
 85    17.430 55180.27423557 16.90  67.488129  61.854092  6.683
 85    17.983 55180.27423622 16.12  67.485689  61.850942  6.683
 85    17.426 55180.27423686 17.03  67.483259  61.847792  6.683
 86    16.493 55215.27425548 10.69  67.480022  61.863403  5.141
 86    16.747 55215.27425613  9.86  67.477582  61.860253  5.141
 86    17.825 55215.27425677 10.25  67.475152  61.857103  5.141
 86    18.318 55215.27425742  9.98  67.472717  61.853954  2.727
 87    18.145 55250.27423259  8.66  67.486058  61.856091  3.910
 87    17.313 55250.27423323  8.99  67.483618  61.852941  3.910
 87    18.873 55250.27423388  8.31  67.481178  61.849801  3.910
 88    17.481 55285.27424901  7.77  67.476600  61.864671  3.301
 88    17.014 55285.27424965  6.53  67.474170  61.861521  3.301
 88    17.705 55285.27425030  7.67  67.471730  61.858371  3.301
 88    18.610 55285.27425094  7.03  67.469300  61.855221  3.301
 89    17.964 55320.27422339 26.39  67.474142  61.855565 15.500
 89    17.771 55320.27422403 28.41  67.471702  61.852415 15.500
 90    20.804 55355.27422319 15.43  67.478911  61.862054 19.266
 90    21.708 55355.27422383 19.81  67.476471  61.858894 19.266
 90    21.489 55355.27422448 21.80  67.474041  61.855754 19.266
 91    20.925 55390.27422345 13.65  67.484954  61.858629 21.470
 91    21.359 55390.27422409 14.47  67.482524  61.855479 21.470
 91    21.292 55390.27422474 16.22  67.480084  61.852329 21.470
 91    21.589 55390.27422538 17.78  67.477644  61.849179 21.470
 92    18.803 55425.27424055 12.53  67.479763  61.859130 24.665
 92    19.166 55425.27424119 13.79  67.477323  61.855980 24.665
 92    19.422 55425.27424184 15.89  67.474893  61.852830 24.665
 93    17.943 55460.27420837 39.94  67.478000  61.865346 26.678
 93    17.475 55460.27420902 45.46  67.475560  61.862196 26.678
 93    17.509 55460.27420966 45.51  67.473120  61.859046 26.678
 93    17.689 55460.27421031 44.33  67.470690  61.855896 26.678
