# NaN NaN NaN ;Mean Elev.(m), Avg Gradient(m/km), RMS Gradient(m/km) - SRTM1     
#    6.216  -0.030   0.919 ;Mean Elev.(m), Avg Gradient(m/km), RMS Gradient(m/km) - ASTER GDEM
#    0.018   0.000   2.753 ;Mean Elev.(m), Avg Gradient(m/km), RMS Gradient(m/km) - GMTED2010 
  7  69.282320  66.625331     1.231     2.154 83 52473.66809052 19.274
  8  69.295796  66.623691    -2.469    -2.237 90 52508.66805725 20.239
  9  69.280922  66.624332     0.901     1.335 82 52543.66804847 18.371
 12  69.284167  66.624590     1.116     1.055 84 52648.66804135 12.794
 14  69.282078  66.624060   -75.138   -75.194 82 52718.66807439 10.955
 16  69.263037  66.629390     2.969     3.231 80 52788.66804741 36.627
 17  69.277034  66.623712     1.388     2.145 82 52823.66811702 17.088
 18  69.280900  66.624348     1.138     1.711 82 52858.66816345 17.822
 19  69.282605  66.626478     0.630     0.719 84 52893.66819523 35.707
 20  69.296697  66.627738     0.698     0.837 93 52928.66814553 38.812
 21  69.280493  66.622462     0.203     0.259 80 52963.66812631 25.597
 22  69.281332  66.625602     0.352     0.364 83 52998.66816434 16.954
 23  69.298673  66.624645     0.543     0.465 92 53033.66811717 14.058
 24  69.285095  66.624999     0.673     0.652 84 53068.66813220 13.529
 25  69.298516  66.627208     0.659     0.596 92 53103.66811957 10.890
 26  69.278137  66.628860     3.044     0.915 82 53138.66813765 14.566
 27  69.281368  66.625178     2.534     2.516 82 53173.66817792 13.780
 28  69.286577  66.625360     0.872     1.551 84 53208.66819399 20.264
 29  69.297305  66.623438     0.734     0.782 90 53243.66816100 39.466
 30  69.272126  66.622819     0.545     0.466 80 53278.66813915 34.320
 31  69.283477  66.623722     0.694     0.635 83 53313.66816596 31.905
 33  69.274644  66.623499     0.839     0.777 80 53383.66810289 17.283
 34  69.297821  66.623019     0.770     0.679 91 53418.66811082 12.969
 35  69.272503  66.622934     0.741     0.674 80 53453.66811610 10.755
 36  69.271055  66.629791     1.476     1.173 78 53488.66820264  8.104
 37  69.287856  66.626526     2.508     2.500 86 53523.66818965 15.014
 38  69.283864  66.623996     1.813     1.922 83 53558.66821549 15.244
 39  69.297261  66.631991     1.221     1.354 95 53593.66815396 27.467
 40  69.246349  66.638564     0.585     0.502 69 53628.66814842 30.573
 41  69.280761  66.624686     0.563     0.553 82 53663.66816933 33.488
 42  69.296489  66.623579     0.576     0.450 90 53698.66812903 27.644
 43  69.294753  66.636852     1.028     0.632 95 53733.66805387 13.303
 44  69.285077  66.627332     0.675     0.710 85 53768.66803386 13.121
 45  69.300725  66.626159     0.723     0.657 93 53803.66803021 10.628
 46  69.273223  66.623495     0.706     0.692 80 53838.66804782  9.523
 47  69.285379  66.623523     1.337     1.347 83 53873.66809559 38.924
 48  69.276182  66.625833     2.236     2.461 81 53908.66813968 13.519
 49  69.280888  66.623198     1.184     1.844 82 53943.66816295 19.740
 50  69.299307  66.622628     0.722     0.817 91 53978.66811271 38.450
 51  69.273804  66.622259     0.606     0.706 79 54013.66812505 31.265
 52  69.287075  66.629622     2.442     0.721 84 54048.66813304 13.176
 54  69.296041  66.635075     3.341     1.107 94 54118.66805586 10.793
 55  69.283759  66.627136     2.931     1.064 83 54153.66808004 11.124
 56  69.295108  66.631811     3.016     1.246 91 54188.66805008  8.937
 57  69.281035  66.624524     1.719     1.696 82 54223.66808995 26.052
 58  69.284189  66.627848     2.864     2.683 85 54258.66811195 12.825
 59  69.284911  66.627454     1.464     2.367 85 54293.66811471 18.419
 60  69.297508  66.622423     1.435     2.118 91 54328.66810814 25.254
 61  69.300253  66.628547     1.258     1.392 94 54363.66805657 28.612
 62  69.286294  66.625440     0.528     0.472 84 54398.66804917 35.613
 63  69.301346  66.624547     0.774     0.674 92 54433.66800646 22.354
 64  69.283096  66.623603     0.754     0.688 83 54468.66803161 17.270
 65  69.297782  66.625282     0.831     0.742 91 54503.66802217 15.608
 66  69.290136  66.625345     0.719     0.649 84 54538.66804714 12.155
 67  69.290100  66.635376     0.958     0.875 87 54573.66802509  8.986
 68  69.284074  66.627822     2.397     2.400 85 54608.66804080 40.918
 69  69.288951  66.625536     2.338     2.475 84 54643.66804837 14.463
 70  69.286534  66.625444     0.958     1.269 84 54678.66805017 21.028
 71  69.300402  66.628475     0.644     0.897 94 54713.66800279 37.218
 72  69.283961  66.623137     0.665     0.714 83 54748.66801923 31.469
 73  69.297133  66.622962     1.087     1.038 90 54783.66798913 35.185
 74  69.284777  66.623144     0.638     0.566 83 54818.66801173 17.940
 75  69.298538  66.622320     0.891     0.829 91 54853.66798607 15.531
 76  69.285949  66.625527     0.775     0.708 85 54888.66801672 12.826
 77  69.297703  66.630157     0.966     0.941 94 54923.66798734 13.888
 78  69.273146  66.631889     1.009     1.106 77 54958.66801560 25.008
 79  69.285144  66.625415     2.982     2.923 84 54993.66803634 39.585
 80  69.290342  66.625744     1.381     1.920 86 55028.66802638 21.491
 81  69.289411  66.626618     0.642     0.856 86 55063.66801850 36.993
 82  69.299393  66.629917     0.750     0.864 95 55098.66796442 38.468
 83  69.282826  66.625193     0.867     0.892 83 55133.66796235 40.506
 84  69.296445  66.626247     0.671     0.597 92 55168.66792700 18.951
 85  69.284458  66.623561     0.675     0.594 83 55203.66795480 13.400
 86  69.297990  66.625282     0.747     0.735 91 55238.66793406 11.724
 87  69.288675  66.626644     0.920     0.918 85 55273.66794902 12.199
 88  69.299897  66.627817     0.861     0.815 94 55308.66791762 11.490
 89  69.287712  66.626423     3.285     3.347 86 55343.66791769 38.648
 90  69.296529  66.623440     1.697     1.786 90 55378.66791141 22.810
 91  69.283300  66.624097     1.307     1.567 83 55413.66793676 18.926
 92  69.298817  66.621073     0.493     0.898 90 55448.66792438 38.425
 93  69.297936  66.634628     0.778     0.917 98 55483.66785407 37.783
