# NaN NaN NaN ;Mean Elev.(m), Avg Gradient(m/km), RMS Gradient(m/km) - SRTM1     
#    4.450   0.732   5.079 ;Mean Elev.(m), Avg Gradient(m/km), RMS Gradient(m/km) - ASTER GDEM
#   10.614  -0.156   1.654 ;Mean Elev.(m), Avg Gradient(m/km), RMS Gradient(m/km) - GMTED2010 
  6  65.978183  62.456892    17.681    17.660  5 52418.68715869 26.262
  7  65.983895  62.455899    21.927    21.912  5 52453.68718441 18.413
  8  65.995787  62.454851    19.287    19.349  4 52488.68716241 24.898
  9  65.998149  62.454947    17.354    17.279  4 52523.68713698 19.288
 10  65.978559  62.457184    15.963    15.922  5 52558.68718792 22.877
 12  65.982655  62.456939    15.493    15.498  5 52628.68711402 21.332
 13  65.988282  62.455981    14.697    14.547  4 52663.68715041 11.544
 14  65.979716  62.456575    15.156    15.025  5 52698.68712592  9.480
 15  66.000335  62.455180    16.990    16.862  4 52733.68714848 10.092
 16  65.999444  62.454771    16.060    16.051  5 52768.68715061 37.239
 17  65.973830  62.457816    18.184    18.194  5 52803.68717493 25.694
 18  65.981723  62.457038    17.645    17.624  5 52838.68723774 22.002
 20  65.999628  62.454342    11.864    11.851  5 52908.68725707 35.757
 21  65.982402  62.456837    11.200    11.215  5 52943.68718798 39.615
 23  65.991558  62.455364    11.214    11.246  4 53013.68724308 16.737
 24  65.977942  62.458309    13.248    13.878  5 53048.68721469 13.401
 25  65.985465  62.457131    15.842    15.951  4 53083.68724966  8.416
 26  65.975419  62.458719    16.620    16.746  5 53118.68722061  9.255
 27  65.979789  62.456125    17.350    17.334  5 53153.68727100 30.613
 28  65.994060  62.455449    17.887    17.861  5 53188.68725912 19.930
 29  65.995807  62.455305    14.703    14.116  5 53223.68727512 24.856
 30  65.994124  62.456542    15.802    15.896  4 53258.68725075 15.148
 31  65.970533  62.458265    15.700    15.821  5 53293.68727468 12.846
 32  65.991450  62.456368    14.591    14.595  4 53328.68724725 30.399
 33  66.003090  62.453376    14.473    14.481  4 53363.68719888 20.827
 34  65.981110  62.456862    12.690    12.700  5 53398.68722321 12.993
 35  66.000557  62.454385    12.102    12.104  4 53433.68721288 11.509
 36  65.976178  62.458586    14.893    15.590  5 53468.68725474  9.445
 37  65.983699  62.457083    17.650    17.584  5 53503.68730063 33.552
 38  65.988631  62.456849    17.426    17.369  4 53538.68729698 16.605
 39  65.988948  62.456806    15.994    15.993  4 53573.68729621 30.702
 40  66.001541  62.454467    14.358    14.796  5 53608.68724515 21.057
 41  65.974644  62.459117    12.395    12.373  5 53643.68724871 30.230
 42  65.984383  62.457265    15.970    16.000  5 53678.68726616 17.837
 43  66.002506  62.454977    12.408    12.409  4 53713.68719369 31.173
 44  65.978952  62.456741    12.627    12.675  5 53748.68710892 12.728
 45  65.995394  62.455960    11.682    11.678  4 53783.68713901 10.077
 46  66.010480  62.452745    16.715    16.847  4 53818.68710035  7.297
 47  65.977190  62.456213    14.386    14.917  5 53853.68718014  5.894
 48  65.995056  62.455481    17.341    17.330  5 53888.68718743 26.627
 49  65.973968  62.459300    17.525    17.518  5 53923.68725699 16.925
 50  65.986201  62.456049    14.682    14.680  4 53958.68724778 23.913
 51  65.971655  62.458960    12.847    12.903  5 53993.68717810 22.363
 52  65.980658  62.456973    16.002    16.059  5 54028.68723749 13.216
 53  65.997225  62.454011    14.983    14.971  4 54063.68723004 33.183
 54  66.000006  62.453924    14.065    14.097  4 54098.68719756 12.410
 55  65.978917  62.456524    16.364    16.442  5 54133.68715494 10.586
 56  65.995531  62.455132    15.210    15.423  5 54168.68717218  9.532
 57  65.977966  62.457497    12.151    12.155  4 54203.68715900 14.720
 58  65.988250  62.455900    17.629    17.649  4 54238.68719344 21.234
 59  65.989649  62.456978    18.614    18.531  4 54273.68721135 20.630
 60  65.988000  62.455966    19.511    19.556  4 54308.68721295 29.197
 61  66.000584  62.454709    17.354    17.331  4 54343.68719030 22.033
 62  65.982338  62.456994    13.779    13.788  5 54378.68714891 37.982
 63  65.992238  62.455584    12.767    12.774  5 54413.68713842 50.069
 64  65.978482  62.457341    12.582    12.591  5 54448.68711556 41.174
 65  65.989726  62.456522    13.912    13.843  4 54483.68713242 12.859
 66  65.982609  62.456157    16.352    16.493  5 54518.68712890 11.413
 67  65.997786  62.454196    17.764    17.877  4 54553.68714378  3.035
 68  65.985395  62.455997    13.675    13.668  4 54588.68712479 19.881
 69  65.990096  62.456581    17.702    17.753  4 54623.68714224 24.047
 70  65.986103  62.456876    17.982    17.984  5 54658.68715128 27.543
 71  65.993733  62.456104    13.633    13.600  4 54693.68713202 33.843
 72  65.981701  62.457485    15.386    15.485  5 54728.68710551 17.476
 73  65.989123  62.455524    12.939    12.925  4 54763.68710961 47.466
 74  65.976000  62.458298    14.910    14.876  5 54798.68709903 47.205
 75  65.989723  62.456575    14.482    14.493  4 54833.68710037 22.222
 76  65.979403  62.456896    15.135    15.079  5 54868.68709517 13.191
 77  65.995234  62.455743    12.842    12.329  4 54903.68710947  9.994
 78  65.982928  62.457110    16.349    16.538  4 54938.68708607  5.942
 79  65.986242  62.455911    17.738    17.797  4 54973.68711711 38.260
 80  65.990285  62.456169    17.374    17.412  4 55008.68713155 16.148
 81  65.988320  62.456142    16.480    16.423  4 55043.68712133 15.208
 82  65.997604  62.454498    16.232    16.211  4 55078.68709824 13.958
 83  65.983492  62.457153    12.815    12.289  5 55113.68705391 23.310
 84  65.988988  62.455306    12.224    12.217  4 55148.68705387 35.863
 85  65.978118  62.457420    12.627    12.683  4 55183.68703636 33.743
 86  65.990850  62.456708    11.908    11.911  4 55218.68705186  8.522
 87  65.982307  62.457365    13.774    13.348  4 55253.68703212  7.307
 88  65.998107  62.454301    21.086    17.711  4 55288.68704128  2.979
 89  65.987038  62.456371    15.789    15.795  4 55323.68701959 30.989
 90  65.989992  62.456215    17.628    17.583  4 55358.68701781 26.943
 91  65.983057  62.456450    17.318    17.331  5 55393.68702161 21.132
 92  65.988532  62.456490    15.657    15.651  4 55428.68703388 31.132
 93  66.001179  62.455295    13.153    13.216  4 55463.68699656 23.084
