# NaN NaN NaN ;Mean Elev.(m), Avg Gradient(m/km), RMS Gradient(m/km) - SRTM1     
#    6.121  -1.559  13.743 ;Mean Elev.(m), Avg Gradient(m/km), RMS Gradient(m/km) - ASTER GDEM
#    5.378  -1.895  14.531 ;Mean Elev.(m), Avg Gradient(m/km), RMS Gradient(m/km) - GMTED2010 
  7  65.361006  62.811541    18.822    18.863  8 52456.28217092 22.204
 10  65.377449  62.820291    14.740    14.659  4 52561.28217056 16.762
 12  65.369578  62.806169    14.949    14.914  8 52631.28212341 20.562
 15  65.364786  62.813755    16.397    16.558 11 52736.28215481  9.428
 17  65.367449  62.804002    25.416    25.677  8 52806.28218016 17.641
 18  65.374277  62.813084    17.309    17.471  5 52841.28223812 18.050
 19  65.365563  62.808686    16.032    16.167  8 52876.28227801 17.104
 20  65.365297  62.814242    16.440    16.276 10 52911.28224063 18.263
 23  65.363290  62.820059    14.245    14.385  8 53016.28222854 14.057
 24  65.371564  62.805650    14.853    15.048  9 53051.28220799 12.839
 25  65.359251  62.823703    15.574    15.567  8 53086.28224164  9.809
 26  65.363046  62.803277    16.425    16.361  6 53121.28221523 10.417
 28  65.368917  62.811083    17.775    17.825 10 53191.28225989 22.502
 29  65.370196  62.819469    13.917    13.808  7 53226.28226319 19.576
 30  65.357912  62.821343    16.233    13.029  6 53261.28223712 39.667
 31  65.369367  62.820875    13.783    13.624  6 53296.28226959 19.096
 32  65.365863  62.813115    15.383    15.488 10 53331.28224355 22.333
 35  65.364094  62.818613    13.999    14.175  9 53436.28220600 13.195
 36  65.367769  62.810991    16.648    16.514 10 53471.28225684  4.608
 37  65.362007  62.813279    36.370    37.185 10 53506.28229078 25.326
 38  65.363326  62.814869    20.486    17.891  8 53541.28229456 23.787
 39  65.359808  62.817211    14.819    14.818  6 53576.28228468 29.289
 41  65.366934  62.802424    12.515    12.445  6 53646.28224278 27.174
 42  65.362720  62.820415    15.317    15.285  4 53681.28225607 15.947
 43  65.363783  62.817577    13.247    13.119  9 53716.28218423 21.598
 44  65.375824  62.803931    13.421    13.540  8 53751.28210440 13.696
 45  65.366232  62.813057    14.236    14.509 10 53786.28213326 10.896
 47  65.368293  62.814772    14.370    15.061  8 53856.28217730 15.763
 48  65.371616  62.810507    65.773    70.361  6 53891.28218973  7.695
 49  65.363010  62.820081    18.072    18.224  8 53926.28225055 13.415
 50  65.358661  62.820777    15.773    15.683  7 53961.28223686 14.473
 51  65.374097  62.797229    13.357    13.266  9 53996.28218097 18.415
 53  65.366520  62.814852    15.704    15.575  9 54066.28222572 21.303
 55  65.370187  62.809359    15.477    15.903  9 54136.28215333  8.935
 57  65.365121  62.803300    12.846    12.461  6 54206.28215966 19.496
 58  65.367591  62.814378    69.408    69.633  9 54241.28219052  3.825
 59  65.356912  62.801741    55.738    63.100  3 54276.28220820  2.261
 61  65.362224  62.820353    16.828    16.850  8 54346.28217971 24.453
 62  65.365454  62.804410    13.499    13.389  6 54381.28214532 25.455
 63  65.368485  62.822853    13.464    13.480  6 54416.28212808 40.974
 64  65.374380  62.811857    13.233    13.095  6 54451.28211234 19.453
 65  65.367952  62.813941    15.324    15.342 10 54486.28212598 11.719
 66  65.370710  62.810882    15.322    15.401  9 54521.28212601 11.377
 67  65.362983  62.818771    15.798    15.697  9 54556.28213584 14.519
 68  65.368402  62.813535    15.108    15.058 10 54591.28212138 22.353
 69  65.362135  62.811797    29.890    20.505  9 54626.28213805 17.514
 70  65.368365  62.817597    17.674    17.742  7 54661.28214475 15.996
 71  65.361775  62.815143    13.482    13.531  7 54696.28212227 29.973
 72  65.365979  62.805164    12.663    12.496  7 54731.28210284 34.344
 73  65.369493  62.818011    14.418    14.237  8 54766.28210056 19.100
 75  65.363633  62.811833    17.802    15.926  9 54836.28209365 14.877
 76  65.369024  62.807234    15.358    15.395  8 54871.28209444 12.363
 78  65.369634  62.811241    18.235    17.978 10 54941.28208585  8.392
 79  65.366543  62.813929    64.317    69.302  9 54976.28211411 11.229
 80  65.356672  62.806153    28.873    25.723  5 55011.28212569 25.732
 81  65.372010  62.818793    15.427    15.662  7 55046.28211429 29.185
 82  65.361327  62.819365    17.375    13.402  8 55081.28208779 31.647
 83  65.365743  62.805511    15.298    12.934  8 55116.28204907 23.375
 85  65.370120  62.809744    14.686    14.566  9 55186.28203378 14.809
 86  65.358434  62.808732    18.843    16.330  6 55221.28204561 11.151
 87  65.366106  62.806637    15.349    15.479  8 55256.28203067 10.459
 88  65.363099  62.822189    17.556    17.648  8 55291.28203156  4.382
 89  65.366529  62.815715    42.567    42.395  8 55326.28201372 32.506
 90  65.362521  62.814529    17.215    17.206  8 55361.28201098 33.105
 91  65.371743  62.813691    16.747    16.716  8 55396.28201722 29.963
 92  65.370481  62.816443    14.786    14.893  7 55431.28202547 31.941
 93  65.361298  62.820658    14.019    13.698  7 55466.28198562 17.208
