# NaN NaN NaN ;Mean Elev.(m), Avg Gradient(m/km), RMS Gradient(m/km) - SRTM1     
#   -4.765  -0.015   2.418 ;Mean Elev.(m), Avg Gradient(m/km), RMS Gradient(m/km) - ASTER GDEM
#    2.623  -0.715   2.423 ;Mean Elev.(m), Avg Gradient(m/km), RMS Gradient(m/km) - GMTED2010 
  7    13.823 52475.28395454 29.03  65.569345  63.901188  7.393
  7    13.881 52475.28395519 30.70  65.566575  63.898068  7.393
  7    13.907 52475.28395583 30.34  65.563815  63.894948  7.393
  7    13.883 52475.28395648 28.10  65.561045  63.891828  7.393
  7    13.685 52475.28395712 27.06  65.558285  63.888698  7.393
  8    13.553 52510.28391331 34.56  65.567101  63.896305 20.708
  8    13.572 52510.28391396 29.11  65.564341  63.893175 20.708
  8    13.271 52510.28391460 33.25  65.561581  63.890055 20.708
  8    13.515 52510.28391525 30.55  65.558821  63.886935 20.708
 10    11.984 52580.28395568 28.11  65.564107  63.887757 21.485
 10    11.667 52580.28395632 27.28  65.561347  63.884637 21.485
 11     7.777 52615.28391790 24.95  65.577454  63.919988  7.721
 11     7.842 52615.28391855 25.19  65.574684  63.916868  7.721
 11     7.912 52615.28391919 25.71  65.571914  63.913748  7.721
 11     7.876 52615.28391984 26.17  65.569154  63.910618  7.721
 11     7.970 52615.28392048 25.74  65.566384  63.907498  7.721
 11     7.979 52615.28392112 25.15  65.563624  63.904378  7.721
 11     7.994 52615.28392177 25.00  65.560854  63.901248  7.721
 11     8.007 52615.28392241 24.21  65.558094  63.898128  7.721
 11     7.975 52615.28392306 23.62  65.555334  63.895008  7.721
 13    11.537 52685.28388680  9.81  65.567454  63.896390  2.796
 13    11.470 52685.28388745  9.76  65.564694  63.893260  2.796
 13    11.595 52685.28388809  9.16  65.561924  63.890140  2.796
 13    11.152 52685.28388874  9.38  65.559164  63.887010  2.796
 14    11.842 52720.28393956 10.28  65.564515  63.889769  2.173
 14    11.575 52720.28394021 10.48  65.561755  63.886649  2.173
 14    11.439 52720.28394085 10.10  65.558995  63.883529  2.173
 15    10.668 52755.28395596  7.71  65.578875  63.929455  2.447
 15    11.429 52755.28395661  6.55  65.576105  63.926335  2.447
 15    11.566 52755.28395725  6.15  65.573335  63.923205  2.447
 15    11.891 52755.28395790  5.93  65.570565  63.920085  2.447
 15    11.885 52755.28395854  5.96  65.567805  63.916965  2.447
 15    11.759 52755.28395919  5.73  65.565035  63.913845  2.447
 15    11.752 52755.28395983  5.78  65.562265  63.910715  2.447
 15    11.998 52755.28396048  5.75  65.559505  63.907595  2.447
 15    12.054 52755.28396112  5.57  65.556735  63.904465  2.447
 15    12.038 52755.28396177  5.87  65.553975  63.901345  2.447
 19     7.470 52895.28405612 39.12  65.569382  63.901182 23.176
 19     7.539 52895.28405676 37.97  65.566611  63.898056 27.149
 19     7.407 52895.28405741 26.08  65.563851  63.894936 27.149
 19     7.213 52895.28405805 22.52  65.561091  63.891816 27.149
 19    11.680 52895.28405870 18.53  65.558321  63.888686 27.149
 20     6.745 52930.28400025 26.26  65.579431  63.926113 18.847
 20     6.814 52930.28400090 25.63  65.576661  63.922983 18.847
 20     6.663 52930.28400154 23.37  65.573891  63.919863 18.847
 20    10.639 52930.28400219 23.06  65.571121  63.916743 18.847
 20    10.873 52930.28400283 22.70  65.568361  63.913623 18.847
 20     8.546 52930.28400348 22.59  65.565591  63.910493 18.847
 20     8.539 52930.28400412 23.75  65.562831  63.907373 18.847
 20     7.898 52930.28400476 24.00  65.560071  63.904253 18.847
 20     8.032 52930.28400541 22.57  65.557301  63.901123 18.847
 20     7.420 52930.28400605 23.53  65.554541  63.898003 18.847
 22     6.521 53000.28403045 17.55  65.567245  63.902575  5.160
 22     6.489 53000.28403109 17.75  65.564475  63.899455  5.160
 22     6.693 53000.28403174 17.55  65.561715  63.896325  5.160
 22     6.764 53000.28403238 17.73  65.558955  63.893205  5.160
 22     6.877 53000.28403303 17.09  65.556185  63.890085  5.160
 23     8.453 53035.28397598 14.01  65.577940  63.921558  3.475
 23     8.606 53035.28397663 12.88  65.575170  63.918438  3.475
 23     6.495 53035.28397727 13.17  65.572400  63.915318  3.475
 23     6.551 53035.28397792 13.31  65.569640  63.912188  3.475
 23     6.454 53035.28397856 13.31  65.566870  63.909068  3.475
 23     6.555 53035.28397920 13.57  65.564110  63.905948  3.475
 23     6.563 53035.28397985 12.99  65.561340  63.902818  3.475
 23     6.792 53035.28398049 13.46  65.558580  63.899698  3.475
 23     7.085 53035.28398114 13.88  65.555820  63.896578  3.475
 24    12.254 53070.28400164 13.60  65.564798  63.888289  2.161
 24    12.207 53070.28400228 13.65  65.562038  63.885169  2.161
 25    11.717 53105.28397633  8.48  65.578919  63.927846  2.427
 25    11.846 53105.28397697  8.45  65.576149  63.924726  2.427
 25    12.268 53105.28397762  8.44  65.573379  63.921596  2.427
 25    12.315 53105.28397826  8.64  65.570619  63.918476  2.427
 25    12.405 53105.28397891  8.08  65.567849  63.915356  2.427
 25    12.594 53105.28397955  8.13  65.565089  63.912236  2.427
 25    12.312 53105.28398020  8.66  65.562319  63.909106  2.427
 25    12.658 53105.28398084  7.99  65.559559  63.905986  2.427
 25    12.637 53105.28398149  7.97  65.556789  63.902856  2.427
 25    12.627 53105.28398213  7.96  65.554029  63.899736  2.427
 26     8.865 53140.28400862 35.61  65.566694  63.883332 20.361
 26     8.554 53140.28400927 34.04  65.563934  63.880212 20.361
 27    12.773 53175.28404143 35.75  65.565466  63.888856 41.805
 27    12.676 53175.28404207 29.49  65.562706  63.885726 41.805
 27    12.726 53175.28404272 29.86  65.559936  63.882606 41.805
 28    12.340 53210.28405749 24.67  65.568774  63.899552 24.532
 28    12.320 53210.28405813 22.78  65.566004  63.896432 24.532
 28    11.854 53210.28405878 22.44  65.563244  63.893312 24.532
 28    11.833 53210.28405942 25.43  65.560484  63.890182 24.532
 28    11.788 53210.28406007 25.65  65.557714  63.887062 24.532
 29     7.760 53245.28402535 39.96  65.568694  63.899993 27.921
 29     7.732 53245.28402600 36.72  65.565924  63.896873 27.921
 29     7.363 53245.28402664 24.95  65.563164  63.893753 27.921
 29    11.681 53245.28402729 19.53  65.560404  63.890623 27.921
 29    11.382 53245.28402793 18.97  65.557644  63.887503 27.921
 31     8.704 53315.28402734 40.41  65.565604  63.887789 21.048
 31     8.727 53315.28402799 40.05  65.562844  63.884669 21.048
 32     8.420 53350.28399177 18.47  65.567389  63.894700  6.636
 32     8.505 53350.28399241 22.49  65.564629  63.891580  6.636
 32     8.532 53350.28399306 24.75  65.561869  63.888450  6.636
 32     8.547 53350.28399370 23.03  65.559109  63.885330  6.636
 34     6.872 53420.28397844 11.14  65.566596  63.884086  3.053
 34     6.885 53420.28397909 11.12  65.563826  63.880966  3.053
 36     8.229 53490.28406602 34.78  65.569073  63.901249 34.114
 36     8.232 53490.28406667 42.37  65.566303  63.898129 34.114
 36     8.210 53490.28406731 32.01  65.563543  63.895009 34.114
 36     8.144 53490.28406796 23.79  65.560773  63.891879 34.114
 36     8.256 53490.28406860 21.75  65.558013  63.888759 34.114
 37    12.728 53525.28405338 33.44  65.564842  63.885758 47.565
 37    12.635 53525.28405403 27.94  65.562082  63.882638 47.565
 38    12.131 53560.28407658 24.31  65.571056  63.909671 25.955
 38    12.232 53560.28407722 22.81  65.568296  63.906551 25.955
 38    12.274 53560.28407787 21.50  65.565526  63.903431 25.955
 38    12.092 53560.28407851 24.44  65.562766  63.900301 25.955
 38    11.989 53560.28407916 23.81  65.559996  63.897181 25.955
 38    12.250 53560.28407980 24.72  65.557236  63.894061 25.955
 38    12.257 53560.28408045 34.85  65.554476  63.890931 25.955
 39    12.020 53595.28401672 25.76  65.569379  63.899708 21.789
 39    11.980 53595.28401736 20.62  65.566619  63.896588 21.789
 39    11.786 53595.28401801 17.03  65.563849  63.893458 21.789
 39    12.064 53595.28401865 17.77  65.561089  63.890338 21.789
 39    12.045 53595.28401929 19.46  65.558329  63.887218 21.789
 41     7.298 53665.28403434 28.28  65.567655  63.896133 11.968
 41    11.512 53665.28403499 22.10  65.564895  63.893013 11.968
 41    11.656 53665.28403563 17.02  65.562125  63.889883 11.968
 41    11.109 53665.28403628 17.57  65.559365  63.886763 11.968
 42     7.462 53700.28398832 25.23  65.568263  63.897780 17.484
 42     7.610 53700.28398897 28.30  65.565503  63.894650 17.484
 42     7.692 53700.28398961 30.21  65.562743  63.891530 17.484
 42     7.693 53700.28399026 32.20  65.559983  63.888410 17.484
 42     7.635 53700.28399090 34.48  65.557213  63.885280 17.484
 45    12.782 53805.28389136 11.92  65.569732  63.902563  2.024
 45    12.524 53805.28389201 12.03  65.566972  63.899443  2.024
 45    12.351 53805.28389265 12.21  65.564212  63.896323  2.024
 45    12.450 53805.28389330 12.22  65.561442  63.893193  2.024
 45    12.622 53805.28389394 12.27  65.558682  63.890073  2.024
 45    12.760 53805.28389458 12.13  65.555922  63.886953  2.024
 47    11.053 53875.28396114 46.55  65.566747  63.886157 39.609
 47    10.932 53875.28396179 34.40  65.563987  63.883037 39.609
 49    11.796 53945.28402347 38.45  65.571899  63.911332 39.749
 49    11.814 53945.28402411 44.29  65.569129  63.908202 39.749
 49    11.825 53945.28402476 47.02  65.566369  63.905082 39.749
 49    11.855 53945.28402540 47.89  65.563599  63.901952 39.749
 49    11.879 53945.28402605 47.27  65.560839  63.898832 39.749
 49    11.901 53945.28402669 47.93  65.558069  63.895712 39.749
 49    11.918 53945.28402733 48.79  65.555309  63.892592 39.749
 50     8.690 53980.28397029 21.57  65.573493  63.913155 15.180
 50    11.903 53980.28397094 18.82  65.570733  63.910035 15.180
 50    11.839 53980.28397158 22.56  65.567963  63.906905 15.180
 50     9.631 53980.28397223 22.86  65.565203  63.903785 15.180
 50    11.774 53980.28397287 22.00  65.562433  63.900655 15.180
 50     8.436 53980.28397351 19.36  65.559673  63.897535 15.180
 50    11.331 53980.28397416 16.13  65.556913  63.894415 15.180
 50    11.765 53980.28397480 16.05  65.554153  63.891295 15.180
 54    11.185 54120.28390734 13.86  65.579020  63.927407  2.757
 54    11.566 54120.28390798 13.37  65.576250  63.924287  2.757
 54    10.679 54120.28390863 13.88  65.573480  63.921157  2.757
 54    11.389 54120.28390927 12.92  65.570720  63.918037  2.757
 54    11.670 54120.28390991 14.01  65.567950  63.914917  2.757
 54    11.893 54120.28391056 13.91  65.565190  63.911797  2.757
 54    11.968 54120.28391120 13.96  65.562420  63.908667  2.757
 54    12.540 54120.28391185 13.26  65.559660  63.905547  2.757
 54    12.455 54120.28391249 13.37  65.556900  63.902417  2.757
 54    12.440 54120.28391314 13.23  65.554130  63.899297  2.757
 56    13.053 54190.28390601 10.35  65.575733  63.917792  2.060
 56    13.102 54190.28390665 10.71  65.572963  63.914672  2.060
 56    13.154 54190.28390730 10.30  65.570203  63.911542  2.060
 56    13.226 54190.28390794 10.21  65.567433  63.908422  2.060
 56    13.280 54190.28390859  9.90  65.564667  63.905295  1.943
 56    13.257 54190.28390923  9.72  65.561907  63.902175  1.943
 56    13.051 54190.28390988  9.95  65.559147  63.899055  1.943
 56    13.052 54190.28391052  9.91  65.556377  63.895925  1.943
 56    12.915 54190.28391117 10.14  65.553617  63.892805  1.943
 57    11.994 54225.28395652 38.14  65.564347  63.886934 33.943
 57    11.976 54225.28395717 33.14  65.561577  63.883804 33.943
 58    13.512 54260.28397681 52.85  65.563365  63.887374 45.105
 58    13.525 54260.28397746 53.47  65.560595  63.884254 45.105
 59    13.921 54295.28398013 34.94  65.565877  63.890739 30.863
 59    13.800 54295.28398077 27.96  65.563117  63.887619 30.863
 59    13.836 54295.28398142 28.03  65.560347  63.884489 30.863
 60    13.683 54330.28397105 36.13  65.569771  63.900030 33.368
 60    13.633 54330.28397169 37.58  65.567011  63.896910 33.368
 60    13.639 54330.28397234 33.16  65.564251  63.893780 33.368
 60    13.626 54330.28397298 33.24  65.561491  63.890660 33.368
 60    13.684 54330.28397362 32.16  65.558721  63.887540 33.368
 61    10.614 54365.28391219 20.89  65.576195  63.918423 18.629
 61    12.005 54365.28391283 22.52  65.573425  63.915303 18.629
 61    11.934 54365.28391348 19.91  65.570665  63.912183 18.629
 61    11.796 54365.28391412 22.56  65.567895  63.909053 18.629
 61    12.130 54365.28391477 21.12  65.565135  63.905933 18.629
 61    12.309 54365.28391541 20.55  65.562368  63.902804 20.910
 61    12.631 54365.28391606 20.04  65.559608  63.899684 20.910
 61    12.358 54365.28391670 19.97  65.556838  63.896564 20.910
 61    12.172 54365.28391734 28.73  65.554078  63.893434 20.910
 62    12.000 54400.28391496 28.27  65.564557  63.887766 24.279
 62    11.742 54400.28391561 19.79  65.561787  63.884646 24.279
 63     7.660 54435.28386915 20.89  65.568570  63.905312  4.821
 63     7.601 54435.28386980 21.85  65.565800  63.902192  4.821
 63     7.669 54435.28387044 21.49  65.563040  63.899062  4.821
 63     7.708 54435.28387109 21.62  65.560280  63.895942  4.821
 63     7.589 54435.28387173 21.50  65.557510  63.892822  4.821
 63     7.450 54435.28387238 23.37  65.554750  63.889692  4.821
 64    11.717 54470.28389962 12.55  65.567038  63.881954  2.915
 64    11.814 54470.28390026 11.86  65.564268  63.878834  2.915
 65    12.194 54505.28388273 11.82  65.569337  63.906376  2.380
 65    11.962 54505.28388338 11.69  65.566567  63.903256  2.380
 65    11.953 54505.28388402 12.15  65.563807  63.900136  2.380
 65    11.912 54505.28388467 11.60  65.561047  63.897006  2.380
 65    12.023 54505.28388531 11.21  65.558277  63.893886  2.380
 65    11.919 54505.28388596 11.53  65.555517  63.890756  2.380
 66    12.095 54540.28391337  8.63  65.564589  63.889150  2.231
 66    11.691 54540.28391402  9.09  65.561819  63.886030  2.231
 66    11.987 54540.28391466  8.62  65.559060  63.882910  1.836
 67    13.023 54575.28388293  5.95  65.571405  63.910033  3.349
 67    13.139 54575.28388357  5.98  65.568635  63.906903  3.349
 67    13.115 54575.28388422  6.02  65.565875  63.903783  3.349
 67    13.091 54575.28388486  5.89  65.563105  63.900663  3.349
 67    12.349 54575.28388551 10.20  65.560345  63.897543  3.349
 67    12.884 54575.28388615  6.86  65.557585  63.894413  3.349
 67    12.812 54575.28388680  5.99  65.554825  63.891293  3.349
 68    12.616 54610.28390491 32.65  65.565947  63.891740 36.839
 68    12.554 54610.28390555 30.76  65.563177  63.888610 36.839
 68    12.487 54610.28390620 29.40  65.560417  63.885490 36.839
 69    12.954 54645.28391245 26.90  65.565471  63.892953 31.739
 69    12.993 54645.28391309 27.15  65.562701  63.889833 31.739
 69    12.979 54645.28391374 27.78  65.559941  63.886703 31.739
 70    12.916 54680.28391345 21.27  65.565672  63.894145 16.599
 70    12.205 54680.28391409 24.90  65.562912  63.891025 16.599
 70    12.166 54680.28391474 23.38  65.560152  63.887895 16.599
 70    11.656 54680.28391538 23.36  65.557382  63.884775 16.599
 71    11.814 54715.28386027 23.22  65.573206  63.913246 18.600
 71     9.095 54715.28386091 26.46  65.570436  63.910126 18.600
 71     8.453 54715.28386156 31.89  65.567676  63.907006 18.600
 71     8.290 54715.28386220 31.16  65.564906  63.903876 18.600
 71     8.094 54715.28386285 32.44  65.562146  63.900756 18.600
 71     8.000 54715.28386349 29.08  65.559386  63.897636 18.600
 71     7.911 54715.28386413 24.59  65.556616  63.894506 18.600
 72    12.238 54750.28388538 22.37  65.566450  63.887524 24.447
 72    11.436 54750.28388602 17.65  65.563690  63.884404 24.447
 72    11.265 54750.28388666 19.59  65.560924  63.881278 20.892
 73     8.599 54785.28385132 37.29  65.568914  63.902473 31.934
 73     8.579 54785.28385197 42.79  65.566154  63.899353 31.934
 73     8.630 54785.28385261 50.32  65.563384  63.896223 31.934
 73     8.683 54785.28385326 51.61  65.560624  63.893103 31.934
 73     8.743 54785.28385390 51.84  65.557864  63.889983 31.934
 74    10.215 54820.28387869 12.34  65.566167  63.885273  3.154
 74    11.157 54820.28387933 12.09  65.563405  63.882146  3.100
 75    11.109 54855.28384763 10.62  65.570109  63.902495  2.750
 75    11.182 54855.28384828 10.81  65.567339  63.899375  2.750
 75    11.467 54855.28384892 10.27  65.564579  63.896255  2.750
 75    11.447 54855.28384957 10.24  65.561819  63.893125  2.750
 75     9.875 54855.28385021 10.93  65.559059  63.890005  2.750
 75    11.178 54855.28385086 10.41  65.556289  63.886885  2.750
 76    11.542 54890.28388061  9.19  65.568555  63.898289  2.279
 76    11.685 54890.28388125  9.21  65.565785  63.895169  2.279
 76    11.725 54890.28388190  9.63  65.563025  63.892049  2.279
 76    11.926 54890.28388254  9.49  65.560265  63.888919  2.279
 76    11.591 54890.28388319  9.57  65.557495  63.885799  2.279
 77    12.336 54925.28384292  7.83  65.577092  63.922016  1.980
 77    12.416 54925.28384357  8.21  65.574322  63.918896  1.980
 77    12.621 54925.28384421  8.14  65.571562  63.915776  1.980
 77    12.678 54925.28384486  7.90  65.568792  63.912646  1.980
 77    12.725 54925.28384550  7.73  65.566032  63.909526  1.980
 77    12.813 54925.28384615  7.75  65.563262  63.906396  1.980
 77    12.748 54925.28384679  7.83  65.560502  63.903276  1.980
 77    12.742 54925.28384744  7.38  65.557742  63.900156  1.980
 77    12.653 54925.28384808  8.02  65.554972  63.897036  1.980
 78    10.176 54960.28388064 44.23  65.564083  63.886135 36.082
 78    10.225 54960.28388129 44.85  65.561323  63.883015 36.082
 79    12.873 54995.28390037 31.83  65.567412  63.897331 31.959
 79    12.730 54995.28390102 27.21  65.564642  63.894211 31.959
 79    12.684 54995.28390166 26.44  65.561882  63.891091 31.959
 79    12.769 54995.28390231 27.08  65.559122  63.887961 31.959
 80    12.825 55030.28389085 25.97  65.565730  63.894289 27.549
 80    11.967 55030.28389149 23.23  65.562960  63.891169 27.549
 80    12.114 55030.28389214 23.38  65.560200  63.888039 27.549
 80    12.008 55030.28389278 25.00  65.557440  63.884919 27.549
 81    12.442 55065.28388038 27.61  65.568765  63.898934 17.142
 81    12.568 55065.28388103 25.45  65.566005  63.895814 17.142
 81    12.243 55065.28388167 19.96  65.563235  63.892684 17.142
 81    12.033 55065.28388232 21.98  65.560475  63.889564 17.142
 81    11.774 55065.28388296 18.25  65.557715  63.886434 17.142
 82     7.567 55100.28381850 20.00  65.578568  63.925051 11.851
 82     7.345 55100.28381915 24.22  65.575798  63.921921 11.851
 82     8.737 55100.28381979 19.55  65.573038  63.918801 11.851
 82    11.003 55100.28382044 17.59  65.570268  63.915681 11.851
 82    10.322 55100.28382108 17.72  65.567508  63.912551 11.851
 82     8.314 55100.28382173 24.09  65.564738  63.909431 11.851
 82     8.085 55100.28382237 26.00  65.561978  63.906311 11.851
 82     8.016 55100.28382302 26.39  65.559208  63.903181 11.851
 82     9.881 55100.28382366 22.66  65.556448  63.900061 11.851
 82     9.597 55100.28382431 21.16  65.553688  63.896941 11.851
 83     7.717 55135.28382842 21.71  65.563698  63.884987 16.993
 83     7.567 55135.28382906 35.59  65.560932  63.881860 11.828
 84     7.649 55170.28378859 19.27  65.566756  63.901779  5.557
 84     7.657 55170.28378923 19.66  65.563996  63.898659  5.557
 84     7.696 55170.28378988 19.01  65.561236  63.895529  5.557
 84     7.732 55170.28379052 20.05  65.558466  63.892409  5.557
 84     7.777 55170.28379117 19.07  65.555706  63.889279  5.557
 85     7.064 55205.28382115 12.75  65.565734  63.886777  3.376
 85     7.157 55205.28382180 12.58  65.562974  63.883657  3.376
 86     6.822 55240.28379277 12.39  65.573515  63.913066  3.318
 86     6.944 55240.28379341 12.10  65.570755  63.909946  3.318
 86     6.821 55240.28379406 12.89  65.567985  63.906816  3.318
 86     7.302 55240.28379470 12.63  65.565225  63.903696  3.318
 86     7.450 55240.28379535 12.64  65.562455  63.900576  3.318
 86     7.318 55240.28379599 12.72  65.559695  63.897456  3.318
 86    10.822 55240.28379664 12.46  65.556935  63.894326  3.318
 86    10.855 55240.28379728 12.28  65.554175  63.891206  3.318
 87    10.818 55275.28381224 12.62  65.570938  63.901956  2.784
 87    11.448 55275.28381289 12.03  65.568178  63.898826  2.784
 87    11.769 55275.28381353 12.10  65.565408  63.895706  2.784
 87    11.814 55275.28381418 12.05  65.562648  63.892586  2.784
 87    11.921 55275.28381482 11.74  65.559888  63.889456  2.784
 87    11.625 55275.28381547 12.09  65.557128  63.886336  2.784
 88     6.807 55310.28377665 38.66  65.572610  63.911616 36.961
 88     6.886 55310.28377730 38.49  65.569850  63.908496 36.961
 88     6.969 55310.28377794 36.97  65.567080  63.905366 36.961
 88     6.881 55310.28377859 38.59  65.564320  63.902246 36.961
 88     7.521 55310.28377923 35.90  65.561550  63.899126 36.961
 88     7.117 55310.28377988 35.44  65.558790  63.895996 36.961
 88     6.977 55310.28378052 40.44  65.556030  63.892876 36.961
 89    12.228 55345.28378282 31.61  65.566261  63.892128 40.950
 89    12.170 55345.28378346 31.21  65.563501  63.888998 40.950
 89    12.065 55345.28378411 27.50  65.560731  63.885878 40.950
 90    12.109 55380.28377492 32.30  65.567770  63.900219 20.235
 90    12.161 55380.28377557 32.36  65.565000  63.897089 20.235
 90    12.160 55380.28377621 32.48  65.562240  63.893969 20.235
 90    12.201 55380.28377686 30.72  65.559480  63.890849 20.235
 90    12.246 55380.28377750 32.60  65.556710  63.887719 20.235
 91    11.371 55415.28380393 19.66  65.565050  63.883900 33.534
 91    11.730 55415.28380458 24.31  65.562290  63.880772 44.621
 92     8.629 55450.28378642 32.23  65.568826  63.901424 18.402
 92     8.360 55450.28378707 26.64  65.566056  63.898304 18.402
 92    11.599 55450.28378771 20.04  65.563296  63.895184 18.402
 92    12.113 55450.28378836 17.75  65.560536  63.892054 18.402
 92    11.829 55450.28378900 22.94  65.557776  63.888934 18.402
 93    11.707 55485.28370797 17.90  65.575935  63.919787 10.810
 93    11.823 55485.28370862 19.43  65.573165  63.916667 10.810
 93    11.952 55485.28370926 18.66  65.570405  63.913547 10.810
 93    11.479 55485.28370991 23.86  65.567635  63.910417 10.810
 93    11.503 55485.28371055 25.56  65.564875  63.907297 10.810
 93     8.065 55485.28371120 27.16  65.562115  63.904167 10.810
 93     7.928 55485.28371184 25.80  65.559345  63.901047 10.810
 93    11.041 55485.28371249 22.80  65.556585  63.897927 10.810
 93     9.352 55485.28371313 21.30  65.553825  63.894797 10.810
