# NaN NaN NaN ;Mean Elev.(m), Avg Gradient(m/km), RMS Gradient(m/km) - SRTM1     
#  144.659     NaN     NaN ;Mean Elev.(m), Avg Gradient(m/km), RMS Gradient(m/km) - ASTER GDEM
#    4.092  -0.029   6.782 ;Mean Elev.(m), Avg Gradient(m/km), RMS Gradient(m/km) - GMTED2010 
  6  65.190077  63.407205    14.912    14.987  3 52418.68735402 37.721
  7  65.193385  63.409388    18.603    18.745  3 52453.68738039 24.692
  8  65.201411  63.413046    16.237    16.224  3 52488.68735936 50.536
  9  65.202685  63.414728    14.330    14.330  2 52523.68733425 28.725
 10  65.190438  63.407479    14.834    14.944  3 52558.68738326 20.799
 12  65.193000  63.408746    12.179    11.905  4 52628.68730968 19.624
 13  65.196475  63.411015    13.063    13.041  3 52663.68734672 15.514
 14  65.189957  63.408404    13.566    13.501  4 52698.68732158 12.780
 15  65.203290  63.416486    14.021    14.084  3 52733.68734608 10.510
 16  65.204128  63.414575    12.162    12.163  3 52768.68734788 33.386
 17  65.186701  63.406508    15.211    15.209  4 52803.68736994 51.380
 18  65.192157  63.408895    14.794    14.733  4 52838.68743340 24.357
 20  65.204028  63.414111    12.591    14.160  3 52908.68745434 24.523
 21  65.192640  63.408637     8.908     8.958  4 52943.68738364 50.600
 23  65.197255  63.413541    12.430    13.699  3 53013.68744003 18.002
 24  65.190950  63.407028    12.724    12.710  4 53048.68740970 16.171
 25  65.193745  63.412177    13.814    13.658  3 53083.68744596 12.332
 26  65.188476  63.407434    13.889    13.864  4 53118.68741563 11.385
 27  65.190454  63.408027    14.515    14.503  4 53153.68746666 45.545
 28  65.199458  63.413615    14.306    14.306  2 53188.68745607 24.426
 29  65.200125  63.415057    13.384    14.405  3 53223.68747239 22.770
 30  65.199961  63.414757    12.874    14.532  3 53258.68744770 22.203
 31  65.184915  63.405412     9.864     9.806  3 53293.68746937 38.233
 32  65.198279  63.412967    11.213    11.213  2 53328.68744387 22.195
 33  65.205002  63.416284    12.796    12.796  2 53363.68739680 15.830
 34  65.191644  63.408727    12.413    12.408  4 53398.68741887 16.031
 35  65.203742  63.415719    12.788    12.844  3 53433.68741047 12.500
 36  65.189192  63.407281    13.665    13.574  4 53468.68744975 12.769
 37  65.193137  63.410561    15.148    15.128  3 53503.68749661 52.396
 38  65.196767  63.411909    14.664    14.638  3 53538.68749328 31.539
 39  65.197235  63.411869    13.608    13.207  3 53573.68749252 21.901
 40  65.203567  63.417409    14.145    14.151  3 53608.68744307 16.477
 41  65.187549  63.407818    12.436    12.470  4 53643.68744372 23.921
 42  65.193873  63.410731     9.621     9.624  3 53678.68746215 48.143
 43  65.205722  63.416318     9.096     9.117  3 53713.68739129 24.769
 44  65.189164  63.408545    12.260    12.115  4 53748.68730458 16.654
 45  65.200955  63.414127    12.211    12.115  3 53783.68733596 13.435
 46  65.208703  63.420408    14.366    14.321  3 53818.68729924 12.588
 47  65.189036  63.406516    13.481    13.636  3 53853.68737548  8.996
 48  65.200462  63.413638    14.504    14.504  2 53888.68738438 49.051
 49  65.188525  63.406510    14.706    14.700  3 53923.68745168 48.262
 50  65.194513  63.411129    12.342    12.335  3 53958.68744409 28.772
 51  65.185611  63.406057    10.464    10.464  3 53993.68737280 51.861
 52  65.191037  63.408833    13.337    13.690  4 54028.68743315 22.046
 53  65.201555  63.413750    10.826    10.826  2 54063.68742731 26.436
 54  65.203294  63.415268    12.489    12.554  3 54098.68739516 19.121
 55  65.189290  63.408379    13.956    13.927  4 54133.68735060 14.263
 56  65.199986  63.414894    13.820    13.703  3 54168.68736945 14.588
 57  65.189688  63.407757     9.365     9.355  4 54203.68735434 22.060
 58  65.196313  63.410946    14.936    14.937  3 54238.68738975 36.804
 59  65.197744  63.412033    15.425    15.338  3 54273.68740766 26.542
 60  65.196065  63.410992    15.777    15.697  3 54308.68740925 27.515
 61  65.203798  63.416064    14.866    14.924  3 54343.68738789 35.152
 62  65.192854  63.408864    13.014    12.661  4 54378.68734457 23.904
 63  65.199176  63.412200    10.260    10.261  3 54413.68733505 45.498
 64  65.190190  63.407616    11.426    10.022  3 54448.68731089 23.682
 65  65.197808  63.411549    13.764    13.773  3 54483.68732873 17.025
 66  65.193123  63.408001    13.861    14.033  4 54518.68732455 15.322
 67  65.200960  63.415531    12.667    14.092  3 54553.68734138  6.570
 68  65.193362  63.411025    10.705    10.748  3 54588.68732109 25.546
 69  65.198261  63.411631    14.561    14.670  3 54623.68733854 23.643
 70  65.195519  63.410342    14.893    14.896  3 54658.68734726 51.122
 71  65.199353  63.414302    11.231    11.221  3 54693.68732897 52.634
 72  65.192144  63.409364    13.308    13.277  4 54728.68730117 29.177
 73  65.195964  63.412097    10.281    10.281  2 54763.68730624 51.408
 74  65.188974  63.406974    11.748    11.753  4 54798.68729404 25.572
 75  65.197887  63.411613    13.165    13.448  3 54833.68729667 14.345
 76  65.189780  63.408732    13.427    13.428  4 54868.68729083 13.570
 77  65.201053  63.413921    13.320    13.447  3 54903.68730642 11.429
 78  65.193461  63.408984    14.542    14.482  3 54938.68728172  8.071
 79  65.194258  63.410961    14.362    14.172  3 54973.68731341 26.712
 80  65.197179  63.412787    14.341    14.341  2 55008.68732817 26.147
 81  65.196398  63.411169    13.109    12.519  3 55043.68731763 25.112
 82  65.202073  63.414293    11.096    11.096  2 55078.68729551 34.214
 83  65.194045  63.409014    12.440    11.828  4 55113.68724957 23.432
 84  65.195865  63.411890     9.325     9.325  2 55148.68725050 39.259
 85  65.189815  63.407696    10.906     9.953  4 55183.68723169 21.016
 86  65.199095  63.411751    12.963    13.245  3 55218.68724817 14.897
 87  65.192789  63.409189    12.524    12.288  3 55253.68722778 15.753
 88  65.201331  63.415656    14.033    14.058  3 55288.68723887  3.982
 89  65.195134  63.411434    13.527    12.628  3 55323.68721590 30.686
 90  65.198195  63.411267    14.374    14.361  3 55358.68721411 40.883
 91  65.193637  63.408313    13.772    13.590  4 55393.68721727 25.329
 92  65.196586  63.411530    12.516    12.498  3 55428.68723019 27.196
 93  65.204379  63.416655    12.951    13.180  3 55463.68719415 19.616
