# NaN NaN NaN ;Mean Elev.(m), Avg Gradient(m/km), RMS Gradient(m/km) - SRTM1     
#   11.100  -0.343  14.134 ;Mean Elev.(m), Avg Gradient(m/km), RMS Gradient(m/km) - ASTER GDEM
#   23.228  -1.400   9.616 ;Mean Elev.(m), Avg Gradient(m/km), RMS Gradient(m/km) - GMTED2010 
  8  68.304426  61.326889    24.199    24.113  7 52485.68295177 27.910
  9  68.307762  61.328547    21.982    22.275  6 52520.68291780 28.173
 10  68.297798  61.314948    67.101    67.198  4 52555.68296670  3.405
 11  68.301346  61.326003    17.889    17.906  8 52590.68295827 42.224
 12  68.313840  61.330312    19.475    19.526  6 52625.68288532 19.002
 14  68.295982  61.319537    20.184    19.916  6 52695.68290179 10.114
 15  68.307270  61.327458    22.818    22.935  6 52730.68293207  8.593
 16  68.302875  61.332342    20.827    19.383  3 52765.68294322 35.705
 17  68.296299  61.320685    23.522    23.529  7 52800.68293586 34.080
 18  68.297617  61.324586    23.271    23.385  7 52835.68300389 25.554
 19  68.302008  61.327116    18.146    17.965  7 52870.68304536 43.312
 20  68.306233  61.326258    16.900    16.198  7 52905.68304461 40.337
 21  68.295469  61.319769    17.961    18.214  6 52940.68297550 41.815
 22  68.297462  61.321988    15.905    15.687  7 52975.68302285 21.952
 23  68.300175  61.326143    15.646    15.609  7 53010.68302740 15.824
 24  68.296362  61.319507    16.310    16.418  6 53045.68298947 13.791
 25  68.301148  61.323885    20.496    20.492  7 53080.68302422 10.598
 26  68.293550  61.318556    22.752    22.603  6 53115.68299404  6.528
 27  68.297529  61.322894    22.313    22.324  6 53150.68304211 45.373
 28  68.306773  61.326921    23.128    23.085  7 53185.68303144 38.640
 29  68.306107  61.326055    20.000    19.268  7 53220.68305721 33.036
 30  68.307309  61.326933    18.516    18.547  7 53255.68303402 28.900
 32  68.307590  61.326548    18.472    18.501  6 53325.68302000 36.365
 33  68.311584  61.329369    11.534    11.520  6 53360.68297924 25.116
 34  68.296494  61.321060    16.927    16.843  7 53395.68299727 22.003
 35  68.310998  61.328530    17.088    17.529  6 53430.68299073 18.782
 36  68.296713  61.320743    17.005    16.955  7 53465.68301878 11.630
 37  68.296454  61.324242    30.423    29.116  6 53500.68307923 41.834
 38  68.306165  61.326130    33.731    33.723  4 53535.68306792 30.782
 39  68.299858  61.325398    21.241    21.241  7 53570.68307744 24.024
 40  68.312225  61.328926    19.026    19.075  6 53605.68302540 25.805
 41  68.294765  61.319155    17.659    17.107  6 53640.68302374 26.673
 42  68.298043  61.323274    18.588    18.535  6 53675.68304397 22.111
 43  68.313939  61.329366    15.940    15.948  6 53710.68297452 21.371
 44  68.294317  61.320921    16.875    16.723  6 53745.68288330 15.308
 45  68.306520  61.326394    17.323    17.628  7 53780.68291532 11.401
 46  68.316899  61.330992    21.765    21.755  6 53815.68288511  6.921
 47  68.295055  61.318879    17.475    17.659  6 53850.68294983 21.797
 48  68.308535  61.325262    55.120    52.570  6 53885.68296057 10.617
 49  68.291135  61.327566    23.093    23.125  3 53920.68303051 23.331
 50  68.297962  61.322864    19.367    19.343  7 53955.68302736 28.668
 51  68.316506  61.330474    17.382    17.363  6 53990.68294707 38.497
 52  68.296533  61.322609    19.826    19.797  7 54025.68301148 20.707
 53  68.308016  61.326554    18.823    18.848  7 54060.68300496 35.793
 55  68.296279  61.319760    18.702    19.121  6 54130.68292463 15.681
 56  68.305973  61.326121    20.807    20.781  7 54165.68295114 12.539
 57  68.297099  61.322170    16.184    16.189  6 54200.68292795 29.026
 58  68.306583  61.317560    67.475    67.475  2 54235.68296437  7.196
 59  68.303934  61.326685    24.742    24.794  7 54270.68298661 45.333
 60  68.302472  61.325649    24.518    24.669  7 54305.68298912 24.468
 61  68.307698  61.328223    22.105    22.194  6 54340.68297171 26.068
 63  68.303777  61.325702    19.482    19.950  7 54410.68291775 39.677
 64  68.296525  61.320246    18.486    18.874  6 54445.68288630 21.924
 65  68.304037  61.325814    19.426    19.334  7 54480.68290899 15.691
 66  68.296521  61.322478    19.211    19.328  6 54515.68290097 13.742
 67  68.307360  61.327613    22.476    22.501  6 54550.68292235 11.130
 68  68.301209  61.325217    18.756    18.083  8 54585.68289722 31.525
 69  68.308463  61.317406    67.099    67.099  2 54620.68291471  7.177
 70  68.302167  61.325200    22.928    22.962  7 54655.68292666 32.057
 71  68.305925  61.326206    18.742    18.278  7 54690.68291234 42.121
 72  68.297688  61.321953    17.235    16.865  7 54725.68287700 45.052
 73  68.303716  61.325004    17.280    16.917  7 54760.68288866 40.955
 74  68.295773  61.318118    16.992    17.016  6 54795.68286947 37.389
 75  68.302803  61.325506    18.310    18.379  7 54830.68288903 18.546
 76  68.298012  61.321214    17.070    16.968  7 54865.68286502 15.127
 77  68.305189  61.326432    16.278    16.235  6 54900.68288802 13.966
 78  68.298952  61.324449    17.358    16.478  7 54935.68285705 23.126
 79  68.301315  61.326038    43.688    43.688  2 54970.68289005 19.945
 80  68.296018  61.332357    22.740    22.707  4 55005.68291079 19.429
 81  68.303990  61.325359    21.012    21.123  7 55040.68289721 24.381
 82  68.308094  61.325512    19.564    19.596  6 55075.68287910 28.992
 84  68.302395  61.326139    16.330    16.336  8 55145.68283239 30.585
 85  68.295710  61.320477    17.394    17.413  7 55180.68280604 21.570
 86  68.305043  61.325623    16.529    16.545  7 55215.68282684 15.961
 87  68.298579  61.324219    16.309    16.144  7 55250.68280343 14.980
 88  68.300870  61.334388    23.396    23.396  2 55285.68282236  8.537
 89  68.303532  61.323687    42.018    42.283  5 55320.68279385 32.380
 90  68.309564  61.317983    54.534    54.534  2 55355.68279308  1.140
 91  68.297505  61.322839    22.900    22.939  6 55390.68279460 18.158
 92  68.303177  61.326025    20.565    20.533  7 55425.68281166 35.005
 93  68.308611  61.328940    17.416    17.472  6 55460.68278009 42.914
